     91    0.109027
     94    0.109901
     96    0.113608
     98    0.116346
    100    0.119105
    102    0.121913
    104    0.124681
    106     0.12751
    108    0.130407
    110    0.135328
    114    0.139035
    118    0.142617
    121      0.1476
    125    0.149337
    127    0.152352
    128    0.156142
    131    0.156026
    132    0.159731
    134    0.161738
    137    0.163616
    140    0.166292
    143    0.169872
    147    0.172761
    151    0.176518
    155    0.180306
    159    0.183334
    162    0.187541
    166    0.190024
    170    0.192522
    173    0.196536
    177    0.198418
    180    0.200991
    182    0.205097
    186    0.207859
    191    0.209506
    194    0.213843
    198    0.215971
    202    0.218153
    205    0.222627
    210    0.225744
    216    0.228265
    220    0.232184
    223    0.236162
    227    0.245507
    230    0.301876
    234    0.304934
    240    0.297618
    246    0.293399
    252    0.292952
    257    0.292355
    260    0.300361
    264    0.339596
    269    0.351296
    274    0.350688
    279    0.326695
    284     0.36516
    290    0.383167
    296    0.357446
    301    0.340856
    308    0.372164
    318    0.383106
    328    0.396097
    338    0.387978
    348    0.391712
    357    0.531105
    366    0.750646
    375    0.752002
    385    0.678518
    395    0.904949
    405     1.08758
    414     1.09225
    422     1.01034
    430    0.981785
    441     1.07602
    451     1.08973
    460    0.992436
    470    0.995898
    480     1.05595
    490    0.962355
    500     1.06652
    506     1.10568
    512     1.62787
    520     1.60668
    530     1.45472
    540     1.25017
    550     1.24654
    560     1.52337
    570     1.66469
    580     1.63097
    590     1.59806
    600     1.39157
    610     1.39537
    620     1.61625
    630     1.59487
    640     1.65579
    650     1.59459
    658     1.49986
    665     1.62236
    675     1.65243
    685     1.49356
    695     1.57908
    705     1.40643
    716     1.62524
    726     1.66495
    735     1.65373
    745     1.59849
    755     1.55426
    765     1.45577
    775     1.51637
    785     1.45889
    795     1.50316
    805     1.51873
    815     1.51892
    825     1.48779
    835      1.2948
    845     1.44362
    855     1.45763
    865     1.47901
    875     1.47911
    885     1.47362
    895     1.46558
    905     1.63738
    915     3.21398
    925     6.28969
    935     9.45244
    945     12.6996
    955     14.7853
    965     15.2861
    975      10.087
    985      14.278
    995     14.8913
   1005     16.1688
   1015     15.2317
   1025     11.4075
   1035     14.1423
   1045     17.3802
   1055     17.2898
   1065     15.9585
   1075     16.1729
   1085     15.2346
   1095     16.1712
   1105      15.854
   1115     15.3918
   1125     14.6186
   1135     15.3719
   1145       14.96
   1155     14.8615
   1165     14.3867
   1175     12.3986
   1185     13.5198
   1195      12.399
   1205     11.0622
1208.72     9.98434
 1208.8     9.69972
1208.87     9.67639
1208.94       9.653
1209.02     9.62926
1209.09     9.60579
1209.16     9.58272
1209.23     9.55921
1209.31     9.53514
1209.38     9.51153
1209.45     9.48784
1209.53      9.4634
 1209.6     9.43958
1209.67     9.41567
1209.75     9.39073
1209.82     9.36665
1209.89     9.34369
1209.96     9.31957
1210.04     9.29396
1210.11     9.26964
1210.18      9.2452
1210.26     9.21881
1210.33     9.19414
 1210.4     9.17164
1210.47     9.14695
1210.55     9.11959
1210.62     9.09468
1210.69     9.06957
1210.77     9.04113
1210.84     9.01582
1210.91      8.9903
1210.99     8.96065
1211.06     8.93496
1211.13     8.91399
 1211.2     8.88842
1211.28     8.85722
1211.35     8.83144
1211.42     8.80541
 1211.5     8.77272
1211.57     8.74647
1211.64     8.72009
1211.72     8.68566
1211.79     8.65912
1211.86     8.64186
1211.93     8.61585
1212.01     8.57985
1212.08     8.55371
1212.15     8.52739
1212.23     8.48953
 1212.3      8.4633
1212.37     8.45022
1212.44     8.42477
1212.52     8.38539
1212.59     8.35978
1212.66     8.33447
1212.74     8.29355
1212.81     8.26816
1212.88     8.24304
1212.96     8.20089
1213.03     8.17606
 1213.1     8.16974
1213.17     8.14582
1213.25     8.10279
1213.32     8.07881
1213.39     8.05537
1213.47     8.01164
1213.54     7.98824
1213.61     7.96532
1213.69     7.92157
1213.76     7.89905
1213.83     7.89818
 1213.9      7.8762
1213.98     7.83265
1214.05     7.81079
1214.12     7.78938
 1214.2     7.74652
1214.27     7.72521
1214.34     7.72522
1214.41     7.70406
1214.49     7.66233
1214.56     7.64138
1214.63     7.62067
1214.71     7.58106
1214.78     7.56006
1214.85     7.53946
1214.93     7.50433
   1215     7.49158
1215.07     7.52589
1215.14     7.55111
1215.22     7.56509
1215.29     7.59248
1215.36     7.61984
1215.44     7.63701
1215.51     7.66432
1215.58     7.69171
1215.66     7.71228
1215.73     7.73933
 1215.8     7.76966
1215.87     7.79507
1215.95     7.81872
1216.02     7.84399
1216.09     7.86916
1216.17     7.89663
1216.24      7.9217
1216.31     7.94103
1216.38     7.96447
1216.46      7.9951
1216.53     8.01838
 1216.6     8.04185
1216.68     8.07609
1216.75     8.09965
1216.82     8.12319
 1216.9     8.16089
1216.97     8.18457
1217.04      8.1921
1217.11     8.21517
1217.19     8.25545
1217.26     8.27868
1217.33     8.30235
1217.41     8.34516
1217.48     8.36871
1217.55     8.39279
1217.63     8.43797
 1217.7     8.46243
1217.77     8.46567
1217.84     8.49063
1217.92     8.53716
1217.99      8.5624
1218.06     8.58818
1218.14     8.63575
1218.21     8.66183
1218.28     8.66698
1218.35     8.69388
1218.43     8.74184
 1218.5     8.76925
1218.57     8.79723
1218.65     8.84535
1218.72      8.8735
1218.79     8.90202
1218.87     8.94952
1218.94     8.97824
1219.01     8.98967
1219.08     9.01937
1219.16     9.06599
1219.23     9.09595
 1219.3     9.12609
1219.38     9.17157
1219.45     9.20169
1219.52     9.23206
 1219.6     9.27582
1219.67     9.30603
1219.74     9.32428
1219.81     9.35513
1219.89     9.39739
1219.96      9.4282
1220.03      9.4589
1220.11     9.49915
1220.18     9.52965
1220.25     9.55175
1220.32     9.58256
 1220.4     9.62105
1220.47     9.65176
1220.54     9.68213
1220.62     9.71887
1220.69     9.74892
1220.76     9.77891
1220.84     9.81381
1220.91      9.8435
1220.98     9.86848
1221.05     9.89809
1221.13     9.93145
 1221.2     9.96077
1221.27     9.98985
1221.35     10.0218
1221.42     10.0506
1221.49     10.0791
1221.57     10.1099
1221.64     10.1382
1221.71     10.1643
1221.78     10.1925
1221.86     10.2222
1221.93       10.25
   1222     10.2777
1222.08     10.3066
1222.15      10.334
1222.22     10.3604
1222.29     10.3877
1222.37     10.4158
1222.44      10.443
1222.51       10.47
1222.59     10.4976
1222.66     10.5244
1222.73     10.5512
1222.81     10.5783
1222.88      10.605
1222.95     10.6312
1223.02     10.6576
 1223.1     10.6844
1223.17     10.7108
1223.24       10.92
   1225     11.8311
   1235     13.0964
   1245      13.579
   1255     13.3905
   1265     13.0448
   1275     13.6994
   1285     13.7132
   1295     12.7505
   1305     12.6096
   1315     13.2339
   1325     12.9306
   1335     12.4587
   1345     12.7795
   1355     12.5395
   1365     12.0128
   1375     11.9027
   1385     11.6419
   1395     10.4797
   1405     10.2739
   1415     10.9746
   1425     10.9462
   1435     10.9614
   1442     11.0418
   1447     11.0181
   1455     10.7745
   1465     10.4459
   1475     10.3349
   1485     10.2962
   1495     10.1811
   1505     9.89016
   1512     9.52069
   1517     9.58124
   1525     9.37596
   1535     8.79229
   1545      8.4951
   1555     8.38578
   1565     8.62501
   1575      8.8337
   1585     8.90918
   1595     8.87515
   1605     8.66762
   1615     8.53341
   1625      8.4051
   1635     8.44156
   1645      8.3403
   1655       8.263
   1665     8.30481
   1672     8.05523
   1677     8.35617
   1685     8.34395
   1695     8.11649
   1705         7.9
   1715     7.65711
   1725     7.56841
   1735     7.65859
   1745     7.58091
   1755      7.5822
   1765     7.37859
   1775     7.31669
   1785     7.32658
   1795     7.36373
   1805     7.29139
   1815     7.05988
   1825     7.01114
   1835       6.871
   1845     6.61818
   1855     6.53877
   1865     6.56105
   1875     6.61877
   1885     6.37263
   1895     6.21293
   1905     6.28309
   1915      6.1439
   1925     6.02602
   1935     6.09593
   1945     6.10198
   1955     5.91448
   1967     6.01065
   1976     6.05671
   1984     5.89273
   1995     5.77589
   2005     5.78934
   2015     5.73156
   2025     5.73914
   2035      5.5894
   2045      5.5022
   2055     5.11747
   2065     5.20631
   2074     5.45511
   2078     5.39409
   2085     5.39555
   2095     5.27997
   2105     5.26869
   2115     5.26238
   2125       5.235
   2135     5.12303
   2145     5.07558
   2155     5.09437
   2165     5.01348
   2175     4.96508
   2185     4.89648
   2195     4.91693
   2205     4.84706
   2215     4.73802
   2225     4.67471
   2235     4.68388
   2245     4.61018
   2255     4.52117
   2265     4.52276
   2275     4.51848
   2285     4.48671
   2295     4.37103
   2305     4.32576
   2315     4.22933
   2325     3.98123
   2335      4.0996
   2345     4.08836
   2355      4.0913
   2365     4.01662
   2375     3.97748
   2385     3.88867
   2395     3.91053
   2405     3.86129
   2415     3.84433
   2425      3.8423
   2435      3.7847
   2445     3.78809
   2455     3.75223
   2465     3.71116
   2475      3.6638
   2485     3.63336
   2495     3.49428
   2505      3.5747
   2513     3.48484
   2518     3.52915
   2525     3.49276
   2535     3.46156
   2545     3.42582
   2555     3.43427
   2565     3.41273
   2575     3.41996
   2585     3.39627
   2595      3.3611
   2605     3.31234
   2615     3.28103
   2625      3.2733
   2635     3.26481
   2645     3.28368
   2655     3.25864
   2665     3.19599
   2675     3.18706
   2685     3.16589
   2695     3.11875
   2705     3.10105
   2715     3.06217
   2725     3.03718
   2735     3.01949
   2745     2.95847
   2755     2.93734
   2765     2.93433
   2775     2.94298
   2785     2.90092
   2795     2.78931
   2805     2.80762
   2815     2.86189
   2825     2.84742
   2835      2.8019
   2845     2.77697
   2855     2.75955
   2865     2.76218
   2875     2.73981
   2885     2.72445
   2895     2.70601
   2910     2.69763
   2930      2.6535
   2950     2.60909
   2970     2.58096
   2990     2.54804
   3010     2.51926
   3030     2.48908
   3050     2.45585
   3070     2.42337
   3090     2.39258
   3110     2.36036
   3130     2.32771
   3150     2.30107
   3170     2.26855
   3190      2.2265
   3210     2.20404
   3230     2.18099
   3250     2.16159
   3270     2.14028
   3290     2.11613
   3310     2.09304
   3330     2.06556
   3350     2.03674
   3370     2.01091
   3390      1.9894
   3410     1.96841
   3430     1.93489
   3450     1.91254
   3470     1.89533
   3490     1.87767
   3510     1.86186
   3530     1.84171
   3550     1.82416
   3570     1.79852
   3590     1.77537
   3610      1.7604
   3630     1.74381
   3640     1.72416
   3650     1.65415
   3670     1.61923
   3690     1.57908
3704.66     1.58494
3704.88     1.59414
3705.11      1.5945
3705.33     1.59486
3705.55     1.59522
3705.78     1.59558
   3706     1.59594
3706.22     1.59629
3706.45     1.59663
3706.67     1.59699
3706.89     1.59734
3707.12      1.5977
3707.34     1.59805
3707.56     1.59839
3707.79     1.59874
3708.01     1.59907
3708.24      1.5994
3708.46     1.59973
3708.68     1.60004
3708.91     1.60035
3709.13     1.60065
3709.35     1.60092
3709.58     1.60119
 3709.8      1.6014
   3710     1.60152
3710.02     1.60152
3710.25     1.60118
3710.47     1.60076
 3710.7     1.60029
3710.92     1.59977
3711.14     1.59916
3711.37     1.59845
3711.59     1.59766
3711.81     1.59673
3712.04     1.59564
3712.26     1.59439
3712.48     1.59294
3712.71     1.59125
3712.93     1.58926
3713.16     1.58696
3713.38     1.58433
 3713.6      1.5813
3713.83     1.57775
3714.05     1.57372
3714.27     1.56912
 3714.5     1.56379
3714.72     1.55781
3714.94     1.55104
3715.17     1.54326
3715.39      1.5345
3715.62     1.52468
3715.84     1.51391
3716.06     1.50195
3716.29      1.4885
3716.51     1.47396
3716.73     1.45807
3716.96     1.44042
3717.18     1.42168
 3717.4     1.40151
3717.63     1.37943
3717.85     1.35586
3718.08     1.33087
 3718.3     1.30525
3718.52     1.27851
3718.75     1.25002
3718.97     1.22157
3719.19     1.19258
3719.42      1.1623
3719.64     1.13309
3719.86     1.10422
3720.09     1.07479
3720.31     1.04772
3720.53      1.0222
3720.76    0.997142
3720.98    0.974339
3721.21    0.954248
3721.43    0.939151
3721.65    0.927767
3721.88    0.918557
 3722.1    0.915764
3722.32    0.917772
3722.55    0.922731
3722.77    0.935079
3722.99    0.952823
3723.22    0.973804
3723.44     1.00017
3723.67     1.03184
3723.89     1.07083
3724.11     1.11459
3724.34     1.16055
3724.56     1.21248
3724.78     1.26763
3725.01     1.32349
3725.23     1.38331
3725.45     1.44424
3725.68     1.50383
 3725.9      1.5631
3726.13     1.62124
3726.35     1.67856
3726.57     1.73285
 3726.8     1.78242
3727.02     1.82838
3727.24     1.86916
3727.47     1.90387
3727.69     1.93272
3727.91     1.95505
3728.14      1.9708
3728.36     1.97997
3728.59     1.98254
3728.81     1.97773
3729.03     1.96635
3729.26     1.94991
3729.48     1.92662
 3729.7     1.89803
3729.93     1.87247
   3730     1.85162
3730.15     1.82682
3730.37     1.79133
 3730.6     1.75183
3730.82     1.71066
3731.05     1.66854
3731.27       1.624
3731.49     1.57983
3731.72     1.53887
3731.94     1.49731
3732.16     1.45791
3732.39     1.42338
3732.61     1.38964
3732.83     1.35926
3733.06      1.3346
3733.28     1.31362
3733.51     1.29641
3733.73     1.28106
3733.95     1.26944
3734.18     1.26328
 3734.4      1.2588
3734.62     1.25765
3734.85     1.26113
3735.07     1.26583
3735.29     1.27302
3735.52     1.28373
3735.74     1.29498
3735.96      1.3078
3736.19     1.32294
3736.41     1.33891
3736.64     1.35544
3736.86     1.37149
3737.08     1.38771
3737.31     1.40462
3737.53     1.42062
3737.75     1.43625
3737.98     1.45189
 3738.2      1.4664
3738.42     1.48017
3738.65     1.49353
3738.87       1.506
 3739.1     1.51752
3739.32     1.52791
3739.54     1.53742
3739.77     1.54625
3739.99     1.55407
3740.21     1.56107
3740.44     1.56741
3740.66      1.5729
3740.88      1.5777
3741.11     1.58192
3741.33     1.58551
3741.56     1.58853
3741.78     1.59101
   3742     1.59301
3742.23      1.5946
3742.45     1.59579
3742.67     1.59663
 3742.9     1.59714
3743.12     1.59737
3743.34     1.59733
3743.57     1.59705
3743.79     1.59655
3744.02     1.59584
3744.24     1.59498
3744.46     1.59397
3744.69     1.59276
3744.91     1.59146
3745.13     1.59003
3745.36     1.58844
3745.58     1.58678
 3745.8     1.58502
3746.03     1.58311
3746.25     1.58111
3746.48     1.57902
 3746.7     1.57689
3746.92     1.57466
3747.15     1.57232
3747.37     1.56994
3747.59     1.56747
3747.82      1.5649
3748.04     1.56229
3748.26     1.55961
3748.49     1.55682
3748.71       1.554
3748.93     1.55111
3749.16     1.54615
   3750     1.43351
   3770     1.33545
   3790     1.75739
   3810      1.9142
   3830     1.57807
   3850     1.87114
   3870     1.88629
   3890     1.13669
   3910     1.98263
   3930     1.99773
   3950     1.92148
   3970    0.933133
   3990     1.88987
   4010     1.99312
   4030     1.96864
   4050      1.9615
   4070      1.9187
 4078.2     1.86454
4078.45     1.84809
 4078.7     1.84608
4078.94     1.84407
4079.19     1.84206
4079.43     1.84005
4079.68     1.83804
4079.93     1.83603
4080.17     1.83403
4080.42     1.83202
4080.66     1.83001
4080.91     1.82801
4081.16       1.826
 4081.4       1.824
4081.65     1.82199
 4081.9     1.81999
4082.14     1.81799
4082.39     1.81598
4082.63     1.81398
4082.88     1.81198
4083.13     1.80999
4083.37     1.80798
4083.62     1.80598
4083.86     1.80399
4084.11     1.80198
4084.36     1.79999
 4084.6       1.798
4084.85     1.79601
 4085.1     1.79401
4085.34     1.79202
4085.59     1.79003
4085.83     1.78804
4086.08     1.78606
4086.33     1.78407
4086.57     1.78208
4086.82      1.7801
4087.06     1.77812
4087.31     1.77613
4087.56     1.77414
 4087.8     1.77214
4088.05     1.77013
 4088.3     1.76811
4088.54     1.76607
4088.79     1.76402
4089.03     1.76193
4089.28     1.75979
4089.53      1.7576
4089.77     1.75539
   4090     1.75365
4090.02     1.75229
4090.26     1.74982
4090.51     1.74653
4090.76     1.74307
   4091     1.73947
4091.25     1.73559
 4091.5     1.73145
4091.74     1.72704
4091.99     1.72229
4092.23     1.71713
4092.48      1.7114
4092.73     1.70513
4092.97     1.69835
4093.22     1.69076
4093.47     1.68241
4093.71      1.6734
4093.96      1.6635
 4094.2     1.65265
4094.45     1.64054
 4094.7      1.6273
4094.94      1.6132
4095.19     1.59794
4095.43      1.5815
4095.68     1.56347
4095.93     1.54419
4096.17     1.52414
4096.42      1.5025
4096.67     1.47978
4096.91      1.4566
4097.16     1.43262
 4097.4     1.40798
4097.65     1.38226
 4097.9     1.35621
4098.14     1.33066
4098.39     1.30529
4098.63     1.28032
4098.88     1.25549
4099.13     1.23162
4099.37     1.20955
4099.62     1.18847
4099.87     1.16921
4100.11     1.15249
4100.36     1.13805
 4100.6     1.12607
4100.85      1.1164
 4101.1     1.10957
4101.34     1.10592
4101.59      1.1052
4101.83     1.10742
4102.08     1.11255
4102.33      1.1206
4102.57     1.13139
4102.82     1.14491
4103.07     1.16088
4103.31      1.1788
4103.56     1.19856
 4103.8      1.2199
4104.05     1.24296
 4104.3     1.26704
4104.54     1.29133
4104.79     1.31595
4105.03     1.34056
4105.28     1.36545
4105.53     1.38982
4105.77     1.41283
4106.02     1.43539
4106.27      1.4567
4106.51       1.476
4106.76     1.49376
   4107     1.50986
4107.25      1.5248
 4107.5       1.538
4107.74     1.54892
4107.99     1.55812
4108.23     1.56564
4108.48     1.57193
4108.73     1.57669
4108.97     1.57964
4109.22     1.58161
4109.47     1.58234
4109.71      1.5817
4109.96     1.58057
   4110     1.58063
 4110.2     1.58313
4110.45     1.58647
 4110.7     1.58933
4110.94     1.59155
4111.19     1.59353
4111.44     1.59523
4111.68     1.59658
4111.93     1.59783
4112.17     1.59904
4112.42      1.6003
4112.67      1.6016
4112.91     1.60291
4113.16     1.60432
 4113.4     1.60586
4113.65     1.60757
 4113.9     1.60942
4114.14      1.6114
4114.39     1.61354
4114.64     1.61584
4114.88     1.61827
4115.13     1.62083
4115.37     1.62351
4115.62     1.62633
4115.87     1.62925
4116.11     1.63227
4116.36     1.63539
 4116.6     1.63857
4116.85     1.64183
 4117.1     1.64516
4117.34     1.64854
4117.59     1.65196
4117.84     1.65543
4118.08     1.65893
4118.33     1.66246
4118.57     1.66601
4118.82     1.66959
4119.07     1.67318
4119.31     1.67678
4119.56      1.6804
4119.81     1.68402
4120.05     1.68766
 4120.3      1.6913
4120.54     1.69494
4120.79     1.69859
4121.04     1.70225
4121.28      1.7059
4121.53     1.70955
4121.77     1.71321
4122.02     1.71686
4122.27     1.72052
4122.51     1.72417
4122.76     1.72783
4123.01     1.73148
4123.25     1.73514
 4123.5     1.73879
4123.74     1.74244
4123.99     1.74609
4124.24     1.74975
4124.48      1.7534
4124.73     1.75705
4124.97      1.7607
4125.22     1.76435
4125.47     1.76799
4125.71     1.77164
4125.96     1.77529
4126.21     1.77893
4126.45     1.78258
 4126.7     1.78622
4126.94     1.78986
4127.19     1.80354
   4130     1.84065
   4150     1.84566
   4170     1.83583
   4190     1.81909
   4210     1.79958
   4230     1.77836
   4250     1.75804
   4270     1.72841
   4290     1.70368
   4310     1.66053
4315.65     1.62133
4315.91     1.60996
4316.17     1.60795
4316.43     1.60595
4316.69     1.60395
4316.95     1.60194
4317.21     1.59994
4317.47     1.59794
4317.73     1.59594
4317.99     1.59394
4318.25     1.59194
4318.52     1.58994
4318.78     1.58794
4319.04     1.58594
 4319.3     1.58394
4319.56     1.58194
4319.82     1.57995
4320.08     1.57795
4320.34     1.57596
 4320.6     1.57396
4320.86     1.57197
4321.12     1.56998
4321.38     1.56798
4321.64       1.566
 4321.9     1.56402
4322.16     1.56203
4322.42     1.56006
4322.68     1.55808
4322.94     1.55612
 4323.2     1.55415
4323.46      1.5522
4323.73     1.55026
4323.99     1.54832
4324.25     1.54641
4324.51     1.54451
4324.77     1.54263
4325.03     1.54077
4325.29     1.53893
4325.55     1.53713
4325.81     1.53537
4326.07     1.53365
4326.33     1.53197
4326.59     1.53034
4326.85     1.52878
4327.11     1.52728
4327.37     1.52584
4327.63     1.52449
4327.89     1.52321
4328.15     1.52203
4328.41     1.52093
4328.67      1.5199
4328.94     1.51892
 4329.2     1.51804
4329.46     1.51725
4329.72     1.51654
4329.98     1.51598
   4330     1.51584
4330.24     1.51558
 4330.5      1.5153
4330.76     1.51499
4331.02     1.51461
4331.28      1.5141
4331.54     1.51341
 4331.8     1.51248
4332.06     1.51122
4332.32     1.50957
4332.58     1.50743
4332.84      1.5047
 4333.1     1.50131
4333.36     1.49715
4333.62     1.49212
4333.88     1.48569
4334.15     1.47771
4334.41     1.46889
4334.67     1.45927
4334.93     1.44834
4335.19     1.43606
4335.45      1.4224
4335.71     1.40737
4335.97     1.39095
4336.23     1.37321
4336.49     1.35422
4336.75     1.33408
4337.01     1.31292
4337.27     1.29092
4337.53     1.26824
4337.79     1.24513
4338.05     1.22182
4338.31     1.19859
4338.57     1.17568
4338.83     1.15341
4339.09     1.13207
4339.35     1.11132
4339.62     1.09161
4339.88     1.07443
4340.14     1.05987
 4340.4     1.04758
4340.66     1.03775
4340.92     1.03051
4341.18     1.02599
4341.44     1.02424
 4341.7     1.02529
4341.96      1.0291
4342.22      1.0356
4342.48     1.04468
4342.74     1.05616
   4343     1.06986
4343.26     1.08553
4343.52     1.10292
4343.78     1.12174
4344.04     1.14171
 4344.3     1.16323
4344.57     1.18609
4344.83     1.20848
4345.09     1.23004
4345.35     1.25123
4345.61      1.2718
4345.87     1.29152
4346.13      1.3102
4346.39     1.32766
4346.65     1.34377
4346.91     1.35843
4347.17     1.37158
4347.43     1.38317
4347.69     1.39318
4347.95     1.40166
4348.21     1.40862
4348.47     1.41413
4348.73     1.41829
4348.99     1.42117
4349.25     1.42288
4349.51     1.42391
4349.78     1.42413
   4350     1.42361
4350.04     1.42464
 4350.3     1.42697
4350.56     1.42931
4350.82     1.43118
4351.08     1.43267
4351.34     1.43387
 4351.6     1.43488
4351.86     1.43575
4352.12     1.43655
4352.38     1.43735
4352.64     1.43818
 4352.9     1.43907
4353.16     1.44008
4353.42      1.4412
4353.68     1.44245
4353.94     1.44385
 4354.2     1.44541
4354.46     1.44712
4354.72     1.44899
4354.99     1.45102
4355.25     1.45317
4355.51     1.45543
4355.77     1.45781
4356.03      1.4603
4356.29     1.46289
4356.55     1.46559
4356.81     1.46835
4357.07     1.47119
4357.33      1.4741
4357.59     1.47705
4357.85     1.48006
4358.11     1.48311
4358.37     1.48619
4358.63      1.4893
4358.89     1.49243
4359.15      1.4956
4359.41     1.49877
4359.67     1.50196
4359.93     1.50515
 4360.2     1.50836
4360.46     1.51158
4360.72     1.51481
4360.98     1.51803
4361.24     1.52126
 4361.5     1.52449
4361.76     1.52774
4362.02     1.53097
4362.28     1.53421
4362.54     1.53744
 4362.8     1.54068
4363.06     1.54392
4363.32     1.54716
4363.58     1.55039
4363.84     1.55363
 4364.1     1.55687
4364.36      1.5601
4364.62     1.56334
4364.88     1.56657
4365.15     1.56981
4365.41     1.57304
4365.67     1.57627
4365.93     1.57951
4366.19     1.58274
4366.45     1.58597
4366.71      1.5892
4366.97     1.59243
4367.23     1.59566
4367.49     1.60626
   4370     1.62839
   4390     1.61454
   4410     1.61145
   4430     1.60175
   4450     1.58831
   4470     1.56044
   4490     1.56024
   4510     1.55973
   4530     1.53341
   4550     1.51525
   4570     1.51267
   4590     1.49364
   4610     1.48222
   4630     1.46238
   4650     1.44989
   4670     1.43915
   4690     1.41571
   4710     1.39706
   4730      1.3968
   4750     1.38937
   4770      1.3778
   4790     1.36205
   4810     1.34295
   4830     1.32245
4834.84     1.29884
4835.13     1.29092
4835.42     1.28918
4835.71     1.28744
   4836      1.2857
4836.29     1.28396
4836.59     1.28223
4836.88     1.28049
4837.17     1.27875
4837.46     1.27702
4837.75     1.27529
4838.05     1.27357
4838.34     1.27184
4838.63     1.27012
4838.92      1.2684
4839.21     1.26669
 4839.5     1.26499
 4839.8     1.26329
4840.09     1.26162
4840.38     1.25995
4840.67      1.2583
4840.96     1.25668
4841.26     1.25509
4841.55     1.25352
4841.84       1.252
4842.13     1.25053
4842.42      1.2491
4842.72     1.24775
4843.01     1.24647
 4843.3     1.24528
4843.59     1.24421
4843.88     1.24325
4844.17     1.24244
4844.47     1.24177
4844.76     1.24129
4845.05     1.24103
4845.34       1.241
4845.63     1.24121
4845.93     1.24167
4846.22     1.24245
4846.51     1.24358
 4846.8     1.24506
4847.09     1.24692
4847.38     1.24911
4847.68      1.2516
4847.97     1.25454
4848.26     1.25796
4848.55     1.26175
4848.84     1.26578
4849.14     1.26994
4849.43     1.27447
4849.72     1.27928
   4850     1.28292
4850.01     1.28562
 4850.3     1.28937
4850.59     1.29394
4850.89      1.2979
4851.18     1.30175
4851.47     1.30542
4851.76     1.30843
4852.05     1.31001
4852.35     1.30981
4852.64     1.30883
4852.93       1.307
4853.22     1.30351
4853.51     1.29738
4853.81     1.28832
 4854.1     1.27782
4854.39     1.26596
4854.68     1.25184
4854.97     1.23536
4855.26     1.21532
4855.56     1.19174
4855.85     1.16706
4856.14     1.14146
4856.43     1.11405
4856.72     1.08375
4857.02     1.05084
4857.31     1.01828
 4857.6    0.986415
4857.89    0.954307
4858.18    0.922373
4858.47    0.890117
4858.77     0.85817
4859.06    0.828933
4859.35     0.80265
4859.64     0.77876
4859.93    0.757099
4860.23    0.738338
4860.52    0.723647
4860.81    0.712898
 4861.1    0.705812
4861.39    0.702472
4861.68    0.703157
4861.98    0.708157
4862.27    0.716601
4862.56    0.728011
4862.85    0.742497
4863.14    0.760594
4863.44    0.782215
4863.73    0.805183
4864.02    0.828769
4864.31     0.85354
 4864.6    0.880319
 4864.9    0.908678
4865.19    0.935814
4865.48    0.961314
4865.77    0.985964
4866.06     1.00944
4866.35     1.03283
4866.65      1.0558
4866.94     1.07564
4867.23     1.09237
4867.52     1.10714
4867.81     1.12081
4868.11     1.13329
 4868.4     1.14269
4868.69     1.14914
4868.98     1.15375
4869.27     1.15668
4869.56     1.15863
4869.86     1.15953
   4870     1.15979
4870.15     1.16117
4870.44     1.16296
4870.73     1.16394
4871.02     1.16455
4871.32     1.16483
4871.61     1.16415
 4871.9     1.16279
4872.19     1.16122
4872.48     1.15952
4872.77     1.15798
4873.07     1.15661
4873.36     1.15514
4873.65      1.1537
4873.94     1.15248
4874.23     1.15158
4874.53     1.15099
4874.82     1.15058
4875.11      1.1504
 4875.4     1.15049
4875.69     1.15086
4875.98     1.15151
4876.28     1.15243
4876.57     1.15354
4876.86     1.15485
4877.15     1.15635
4877.44     1.15804
4877.74      1.1599
4878.03     1.16188
4878.32     1.16399
4878.61     1.16621
 4878.9     1.16852
 4879.2     1.17092
4879.49     1.17339
4879.78     1.17592
4880.07     1.17849
4880.36     1.18112
4880.65     1.18377
4880.95     1.18647
4881.24     1.18918
4881.53     1.19192
4881.82     1.19467
4882.11     1.19744
4882.41     1.20022
 4882.7       1.203
4882.99     1.20579
4883.28     1.20859
4883.57      1.2114
4883.86      1.2142
4884.16     1.21701
4884.45     1.21981
4884.74     1.22262
4885.03     1.22543
4885.32     1.22824
4885.62     1.23105
4885.91     1.23386
 4886.2     1.23667
4886.49     1.23948
4886.78     1.24229
4887.07      1.2451
4887.37     1.24791
4887.66     1.25072
4887.95     1.25353
4888.24     1.25634
4888.53     1.25915
4888.83     1.26195
4889.12     1.26476
4889.41     1.26756
 4889.7     1.27038
   4890     1.27288
4890.29     1.27333
4890.58     1.27343
4890.87     1.27353
4891.16     1.27363
4891.45     1.27373
4891.74     1.27383
4892.04     1.27393
4892.33     1.27403
4892.62     1.27412
4892.91     1.27783
   4910     1.27668
4928.77     1.26139
4929.07     1.25817
4929.36     1.25783
4929.66     1.25748
4929.96     1.25718
   4930     1.25715
4930.26     1.25722
4930.55     1.25735
4930.85     1.25747
4931.15      1.2576
4931.45     1.25774
4931.74     1.25786
4932.04     1.25799
4932.34     1.25811
4932.64     1.25824
4932.93     1.25836
4933.23     1.25848
4933.53     1.25859
4933.83      1.2587
4934.12     1.25881
4934.42      1.2589
4934.72       1.259
4935.02     1.25909
4935.31     1.25916
4935.61     1.25923
4935.91     1.25928
4936.21     1.25932
 4936.5     1.25934
 4936.8     1.25933
 4937.1     1.25931
 4937.4     1.25926
4937.69     1.25919
4937.99     1.25908
4938.29     1.25893
4938.59     1.25874
4938.88     1.25851
4939.18     1.25822
4939.48     1.25787
4939.78     1.25745
4940.07     1.25697
4940.37     1.25641
4940.67     1.25576
4940.97     1.25503
4941.26      1.2542
4941.56     1.25326
4941.86     1.25219
4942.16     1.25103
4942.45     1.24975
4942.75     1.24834
4943.05     1.24678
4943.35     1.24511
4943.64     1.24333
4943.94      1.2414
4944.24      1.2393
4944.54     1.23712
4944.83     1.23488
4945.13      1.2325
4945.43     1.22999
4945.73     1.22746
4946.02     1.22494
4946.32     1.22236
4946.62     1.21972
4946.92     1.21718
4947.21      1.2148
4947.51     1.21247
4947.81     1.21018
4948.11     1.20819
 4948.4     1.20654
 4948.7     1.20506
   4949     1.20381
 4949.3     1.20304
4949.59     1.20278
4949.89     1.20277
   4950     1.20297
4950.19     1.20313
4950.49     1.20387
4950.78      1.2053
4951.08     1.20715
4951.38     1.20943
4951.68     1.21239
4951.97     1.21606
4952.27     1.22012
4952.57     1.22453
4952.87     1.22955
4953.16     1.23515
4953.46     1.24094
4953.76     1.24687
4954.06     1.25317
4954.35     1.25976
4954.65     1.26624
4954.95     1.27255
4955.25     1.27884
4955.54     1.28499
4955.84      1.2907
4956.14     1.29587
4956.44     1.30062
4956.73     1.30483
4957.03     1.30829
4957.33     1.31095
4957.63     1.31286
4957.92     1.31396
4958.22     1.31415
4958.52     1.31345
4958.82     1.31188
4959.11     1.30942
4959.41     1.30614
4959.71     1.30208
4960.01     1.29726
 4960.3     1.29171
 4960.6     1.28561
 4960.9     1.27908
 4961.2     1.27205
4961.49     1.26462
4961.79     1.25705
4962.09     1.24949
4962.39      1.2418
4962.68     1.23407
4962.98     1.22663
4963.28     1.21961
4963.58     1.21281
4963.87     1.20629
4964.17     1.20038
4964.47     1.19516
4964.77     1.19037
4965.06     1.18604
4965.36      1.1825
4965.66     1.17975
4965.96     1.17748
4966.25     1.17571
4966.55     1.17471
4966.85     1.17441
4967.15     1.17453
4967.44     1.17506
4967.74     1.17618
4968.04     1.17785
4968.34     1.17978
4968.63     1.18195
4968.93     1.18449
4969.23     1.18737
4969.53     1.19034
4969.82     1.19302
   4970      1.1951
4970.12     1.19697
4970.42     1.19962
4970.72     1.20278
4971.02     1.20585
4971.31     1.20881
4971.61     1.21176
4971.91     1.21466
4972.21     1.21738
 4972.5     1.21994
 4972.8      1.2224
 4973.1     1.22474
 4973.4     1.22689
4973.69     1.22885
4973.99     1.23068
4974.29     1.23235
4974.58     1.23384
4974.88      1.2352
4975.18     1.23643
4975.48     1.23752
4975.78     1.23846
4976.07     1.23926
4976.37     1.23984
4976.48     1.24024
4976.67     1.24051
4976.78     1.24079
4976.97       1.241
4977.08     1.24124
4977.26      1.2414
4977.38     1.24158
4977.56     1.24172
4977.68     1.24186
4977.86     1.24196
4977.98     1.24206
4978.16     1.24213
4978.28     1.24219
4978.45     1.24221
4978.58     1.24225
4978.75     1.24225
4978.88     1.24227
4979.05     1.24224
4979.18     1.24223
4979.35     1.24218
4979.48     1.24213
4979.64     1.24207
4979.78     1.24201
4979.94     1.24193
4980.08     1.24184
4980.24     1.24175
4980.39     1.24165
4980.54     1.24153
4980.69     1.24141
4980.83     1.24128
4980.99     1.24113
4981.13       1.241
4981.29     1.24083
4981.43     1.24068
4981.59      1.2405
4981.73     1.24034
4981.89     1.24014
4982.02     1.23996
4982.19     1.23975
4982.32     1.23954
4982.49     1.23932
4982.62      1.2391
4982.79     1.23885
4982.92     1.23862
4983.09     1.23835
4983.21      1.2381
4983.39      1.2378
4983.51     1.23752
4983.69      1.2372
4983.81      1.2369
4983.99     1.23655
4984.11     1.23622
4984.29     1.23583
 4984.4     1.23547
4984.59     1.23505
 4984.7     1.23463
4984.89     1.23417
   4985     1.23372
4985.19      1.2332
 4985.3      1.2327
4985.49     1.23213
4985.59     1.23158
4985.79     1.23094
4985.89     1.23032
4986.09     1.22962
4986.19     1.22891
4986.39     1.22813
4986.49     1.22735
4986.69     1.22649
4986.78     1.22563
4986.99     1.22465
4987.08     1.22368
4987.29      1.2226
4987.38     1.22151
4987.59     1.22029
4987.68     1.21907
 4987.9     1.21771
4987.97     1.21638
 4988.2     1.21432
 4988.5     1.21128
 4988.8     1.20771
 4989.1     1.20378
 4989.4     1.19943
 4989.7     1.19464
   4990     1.18939
 4990.3     1.18356
 4990.6      1.1772
 4990.9      1.1703
 4991.2     1.16285
 4991.5     1.15483
 4991.8     1.14624
 4992.1     1.13705
 4992.4     1.12729
 4992.7     1.11697
   4993     1.10609
 4993.3     1.09472
 4993.6     1.08288
 4993.9     1.07062
 4994.2     1.05803
 4994.5     1.04516
 4994.8     1.03212
 4995.1     1.01873
4995.41     1.00511
4995.71    0.991866
4996.01    0.979191
4996.31     0.96696
4996.61    0.955332
4996.91    0.944473
4997.21    0.934509
4997.51    0.925609
4997.81    0.917927
4998.11    0.911632
4998.41    0.906866
4998.71    0.903721
4999.01      0.9023
4999.31    0.902705
4999.61    0.905028
4999.91    0.909322
5000.21    0.915536
5000.51    0.923656
5000.81    0.933652
5001.11    0.945479
5001.41    0.959032
5001.71    0.974084
5002.01    0.990474
5002.31     1.00802
5002.61      1.0261
5002.92     1.04453
5003.22     1.06379
5003.52     1.08354
5003.82     1.10313
5004.12     1.12226
5004.42     1.14066
5004.72     1.15799
5005.02     1.17398
5005.32     1.18841
5005.62     1.20106
5005.92     1.21173
5006.22     1.22024
5006.52     1.22648
5006.82     1.23036
5007.12     1.23186
5007.42     1.23095
5007.72     1.22769
5008.02     1.22217
5008.32     1.21453
5008.62     1.20487
5008.92     1.19341
5009.22     1.18039
5009.52     1.16605
5009.82     1.15246
   5010     1.14215
5010.12     1.13248
5010.42     1.11876
5010.73     1.10312
5011.03     1.08716
5011.33     1.07104
5011.63     1.05541
5011.93      1.0405
5012.23     1.02658
5012.53     1.01382
5012.83     1.00234
5013.13    0.992258
5013.43    0.983663
5013.73    0.976664
5014.03    0.971312
5014.33    0.967577
5014.63     0.96542
5014.93     0.96481
5015.23    0.965729
5015.53    0.968077
5015.83    0.971756
5016.13    0.976618
5016.43    0.982554
5016.73    0.989473
5017.03    0.997234
5017.33     1.00569
5017.63     1.01469
5017.93     1.02412
5018.23     1.03411
5018.54      1.0445
5018.84     1.05471
5019.14     1.06466
5019.44      1.0745
5019.74     1.08417
5020.04     1.09359
5020.34      1.1027
5020.64     1.11145
5020.94      1.1198
5021.24     1.12774
5021.54     1.13523
5021.84     1.14226
5022.14     1.14882
5022.44     1.15492
5022.74     1.16058
5023.04     1.16578
5023.34     1.17056
5023.64     1.17492
5023.94     1.17888
5024.24     1.18247
5024.54     1.18572
5024.84     1.18864
5025.14     1.19126
5025.44      1.1936
5025.74     1.19569
5026.04     1.19756
5026.35     1.19923
5026.65     1.20069
5026.95     1.20197
5027.25     1.20309
5027.55     1.20408
5027.85     1.20496
5028.15     1.20572
5028.45     1.20639
5028.75     1.20698
5029.05     1.20749
5029.35     1.20795
5029.65     1.20835
5029.95      1.2086
   5030     1.20877
5030.25     1.20873
5030.55     1.20865
5030.85     1.20855
5031.15     1.20842
5031.45     1.20827
5031.75     1.20811
5032.05     1.20793
5032.35     1.20773
5032.65     1.20754
5032.95     1.20732
5033.25      1.2071
5033.55     1.20687
5033.85     1.20664
5034.16      1.2064
5034.46     1.20617
5034.76     1.20592
5035.06     1.20568
5035.36     1.20543
5035.66     1.20519
5035.96     1.20494
5036.26     1.20347
   5050     1.19542
   5070     1.19288
   5090      1.1781
   5110      1.1677
   5130     1.15262
   5150     1.13773
   5170     1.12332
   5190     1.11689
   5210     1.11172
   5230     1.10811
   5250     1.10209
   5270     1.08335
   5290     1.08722
   5310     1.08254
   5330       1.065
   5350     1.06417
   5370     1.05651
   5390     1.04368
   5410     1.03103
   5430     1.02658
   5450      1.0234
   5470     1.01247
   5490     1.00443
   5510     0.99597
   5530    0.991429
   5550    0.985866
   5570    0.976288
   5590    0.966861
   5610    0.963159
   5630    0.954954
   5650    0.947544
   5670    0.937989
   5690    0.931385
   5710    0.917083
   5730    0.917136
   5750    0.907367
   5770     0.90189
   5790    0.893362
   5810    0.894727
   5830    0.893831
   5850    0.884506
   5870     0.87043
   5890    0.861474
   5910    0.863636
   5930    0.859436
   5950    0.853219
   5970    0.849581
   5990    0.840922
   6010    0.833706
   6030    0.831157
   6050    0.828068
   6070    0.821656
   6090    0.811579
   6110     0.80461
   6130    0.793724
   6150    0.788806
   6170    0.781773
   6190     0.78205
   6210    0.776209
   6230    0.765914
   6250    0.756773
   6270    0.757765
   6290    0.755018
   6310    0.744814
   6330    0.741331
   6350     0.73561
   6370    0.730942
   6390    0.728547
   6410    0.722219
   6430    0.718755
   6450    0.714019
   6470     0.70902
   6490    0.701322
   6510    0.698734
6523.64    0.693401
6524.04      0.6919
6524.43    0.691655
6524.82    0.691409
6525.22    0.691161
6525.61    0.690912
   6526    0.690661
 6526.4    0.690409
6526.79    0.690155
6527.19      0.6899
6527.58    0.689645
6527.97    0.689388
6528.37    0.689131
6528.76    0.688872
6529.15    0.688615
6529.55    0.688357
6529.94    0.688135
   6530    0.687946
6530.34     0.68742
6530.73    0.686724
6531.12    0.686006
6531.52    0.685292
6531.91    0.684563
 6532.3    0.683854
 6532.7    0.683152
6533.09    0.682458
6533.49    0.681775
6533.88    0.681106
6534.27    0.680456
6534.67    0.679828
6535.06    0.679226
6535.46    0.678656
6535.85    0.678129
6536.24    0.677652
6536.64    0.677231
6537.03    0.676884
6537.42    0.676621
6537.82    0.676456
6538.21    0.676412
 6538.6    0.676505
   6539    0.676752
6539.39     0.67718
6539.79    0.677816
6540.18    0.678703
6540.57    0.679859
6540.97    0.681301
6541.36    0.683071
6541.76      0.6852
6542.15    0.687762
6542.54     0.69076
6542.94    0.694175
6543.33    0.698132
6543.72    0.702603
6544.12    0.707512
6544.51    0.712925
6544.91     0.71883
 6545.3    0.725365
6545.69    0.732371
6546.09    0.739596
6546.48    0.747377
6546.87    0.755405
6547.27    0.763271
6547.66    0.771085
6548.06     0.77869
6548.45     0.78639
6548.84    0.793589
6549.24    0.799473
6549.63     0.80457
   6550     0.80816
6550.02    0.809915
6550.42    0.810813
6550.81    0.810487
6551.21    0.808104
 6551.6      0.8046
6551.99    0.798765
6552.39    0.789154
6552.78    0.778129
6553.17    0.764402
6553.57    0.746459
6553.96    0.725695
6554.36    0.702225
6554.75    0.678077
6555.14      0.6518
6555.54    0.621837
6555.93    0.590427
6556.33    0.558079
6556.72    0.527319
6557.11    0.496807
6557.51    0.465275
 6557.9    0.437114
6558.29    0.411182
6558.69    0.386537
6559.08    0.365639
6559.48    0.349141
6559.87    0.338905
6560.26     0.33391
6560.66    0.333547
6561.05    0.340144
6561.44    0.352856
6561.84    0.371287
6562.23    0.396153
6562.63    0.427264
6563.02    0.463963
6563.41    0.505773
6563.81    0.552677
 6564.2    0.602849
6564.59    0.656112
6564.99    0.712752
6565.38    0.771054
6565.78    0.830045
6566.17    0.887173
6566.56     0.94296
6566.96    0.998314
6567.35     1.05078
6567.75      1.0996
6568.14     1.14223
6568.53     1.17992
6568.93     1.21411
6569.32     1.24067
6569.71     1.25963
   6570     1.27261
6570.11     1.28216
 6570.5     1.29183
 6570.9     1.29908
6571.29     1.29897
6571.68     1.29354
6572.08     1.28466
6572.47      1.2698
6572.86     1.25091
6573.26     1.22983
6573.65     1.20564
6574.05     1.17881
6574.44     1.14909
6574.83     1.11802
6575.23     1.08688
6575.62     1.05458
6576.01     1.02232
6576.41    0.991042
 6576.8    0.960412
 6577.2    0.930736
6577.59      0.9019
6577.98    0.874547
6578.38    0.849094
6578.77    0.825067
6579.16    0.802836
6579.56    0.782597
6579.95      0.7641
6580.35    0.747341
6580.74    0.732176
6581.13    0.718666
6581.53    0.706805
6581.92    0.696344
6582.31    0.687257
6582.71    0.679486
 6583.1    0.672866
 6583.5    0.667294
6583.89    0.662649
6584.28    0.658863
6584.68    0.655856
6585.07    0.653509
6585.46    0.651756
6585.86    0.650532
6586.25    0.649759
6586.65    0.649375
6587.04    0.649324
6587.43    0.649561
6587.83    0.650049
6588.22    0.650744
6588.62    0.651616
6589.01    0.652636
 6589.4    0.653779
 6589.8    0.654861
   6590    0.655619
6590.19    0.655711
6590.58    0.655739
6590.98    0.655837
6591.37    0.655987
6591.77    0.656177
6592.16    0.656402
6592.55    0.656655
6592.95     0.65696
6593.34     0.65725
6593.73     0.65756
6594.13    0.657888
6594.52    0.658228
6594.92    0.658579
6595.31    0.658939
 6595.7    0.659305
 6596.1     0.65968
6596.49    0.660059
6596.88    0.660442
6597.28     0.66083
6597.67    0.661222
6598.07    0.661617
6598.46    0.662013
6598.85     0.66241
6599.25     0.66281
6599.64     0.66321
6600.04    0.663611
6600.43    0.664011
6600.82     0.66441
6601.22     0.66481
6601.61    0.665206
   6602    0.667864
   6610    0.674093
   6630     0.67484
   6650    0.671233
   6670    0.663919
   6690    0.660929
   6710    0.655768
   6730    0.654464
   6750    0.649212
   6770    0.645691
   6790    0.640664
   6810    0.637569
   6830    0.634661
   6850    0.628781
   6870    0.626739
   6890    0.624773
   6910    0.620993
   6930    0.616008
   6950    0.611569
   6970    0.609482
   6990    0.605058
   7010    0.599643
   7030    0.598541
   7050    0.595989
   7070     0.58791
   7090    0.582763
   7110    0.575857
   7130    0.570596
   7150    0.567739
   7170     0.56524
   7190    0.560458
   7210    0.559956
   7230    0.559198
   7250    0.557445
   7270    0.554187
   7290    0.548904
   7310    0.548695
   7330    0.546988
   7350    0.545114
   7370    0.544838
   7390    0.540034
   7410    0.536541
   7430    0.535622
   7450    0.533635
   7470    0.531711
   7490    0.529173
   7510    0.528217
   7530     0.52774
   7550    0.526256
   7570    0.522943
   7590    0.517912
   7610    0.514121
   7630    0.510005
   7650    0.505172
   7670    0.498642
   7690    0.497741
   7710    0.493714
   7730    0.491015
   7750    0.488204
   7770    0.486507
   7790    0.486061
   7810    0.483704
   7830    0.480152
   7850    0.476067
   7870    0.474032
   7890    0.468725
   7910    0.463862
   7930    0.461752
   7950    0.458761
   7970    0.460279
   7990    0.458577
   8010    0.457428
   8030    0.455757
   8050    0.453411
   8070    0.451442
   8090    0.447868
   8110    0.446554
   8130    0.447756
   8150    0.447516
   8170    0.446717
   8190    0.441005
   8210     0.42943
   8230    0.426748
   8250    0.425653
   8270    0.424697
   8290    0.421175
   8310    0.415154
   8330    0.412331
   8350    0.410524
   8370     0.40868
   8390    0.404845
   8410    0.405241
   8430    0.400533
   8450    0.396476
   8470    0.393897
   8490    0.395469
   8510    0.387187
   8530    0.392217
   8550    0.379846
   8570    0.394758
   8590    0.387117
   8610    0.386021
   8630    0.396372
   8650    0.389006
   8670    0.368519
   8690     0.38668
   8710    0.394884
   8730    0.387709
   8750    0.369748
   8770    0.382791
   8790    0.392476
   8810    0.391256
   8830    0.387292
   8850    0.373264
   8870    0.357699
   8890     0.37442
   8910    0.381364
   8930    0.379455
   8950    0.378158
   8970    0.375549
   8990    0.366701
   9010    0.346458
   9030    0.355352
   9050     0.37052
   9070    0.372924
   9090    0.370909
   9110    0.371801
   9130     0.37273
   9150    0.370692
   9170    0.368385
   9190    0.365093
   9210    0.350429
   9230    0.330163
   9250    0.342185
   9270     0.35056
   9290    0.351801
   9310    0.351822
   9330    0.351024
   9350    0.348719
   9370     0.34623
   9390    0.346218
   9410    0.343374
   9430    0.344563
   9450    0.342498
   9470     0.34278
   9490    0.340946
   9510    0.334706
   9530    0.324719
   9550     0.30954
   9570      0.3238
   9590    0.331939
   9610    0.331538
   9630    0.330705
   9650    0.328646
   9670    0.327445
   9690    0.327454
   9710    0.324513
   9730    0.321896
   9750    0.320126
   9770    0.319098
   9790    0.317352
   9810    0.318177
   9830    0.316458
   9850    0.315557
   9870    0.313787
   9890    0.312265
   9910    0.310923
   9930    0.310339
   9950    0.309488
   9970    0.308266
   9990    0.305232
  10025    0.297167
  10075    0.291997
  10125    0.297443
  10175    0.296688
  10225    0.295043
  10275    0.292975
  10325    0.289236
  10375    0.286232
  10425    0.283891
  10475    0.279842
  10525    0.275751
  10575    0.271063
  10625    0.267328
  10675    0.264329
  10725    0.263066
  10775    0.260254
  10825    0.256427
  10875     0.25214
  10925    0.242842
  10975     0.24425
  11025     0.24508
  11075    0.242412
  11125    0.240204
  11175    0.237811
  11225    0.235811
  11275     0.23301
  11325    0.230855
  11375    0.228747
  11425    0.226376
  11475     0.22535
  11525    0.223355
  11575      0.2206
  11625    0.217513
  11675    0.215774
  11725    0.214287
  11775    0.210938
  11825    0.208196
  11875    0.205335
  11925     0.20447
  11975    0.201292
  12025    0.200938
  12075    0.199248
  12125    0.197851
  12175    0.196542
  12225    0.194656
  12275    0.192721
  12325    0.190835
  12375     0.18919
  12425    0.186995
  12475    0.185153
  12525    0.183183
  12575    0.181497
  12625    0.179834
  12675     0.17809
  12725    0.176525
  12775    0.173329
  12825    0.166874
  12875    0.170187
  12925    0.169994
  12975    0.169382
  13025    0.167761
  13075    0.166508
  13125    0.164175
  13175    0.162502
  13225     0.16104
  13275    0.158839
  13325    0.157611
  13375    0.155878
  13425    0.154735
  13475    0.153136
  13525    0.151467
  13575    0.149368
  13625    0.148073
  13675    0.147429
  13725    0.146733
  13775    0.145791
  13825    0.144895
  13875    0.143133
  13925    0.140016
  13975    0.138433
  14025    0.137002
  14075    0.136443
  14125    0.135221
  14175    0.134726
  14225    0.133315
  14275    0.131989
  14325    0.132067
  14375    0.131508
  14425    0.129722
  14475    0.129802
  14525    0.128833
  14570    0.128285
  14620    0.126089
  14675    0.124916
  14725    0.123724
  14775    0.123372
  14825    0.122932
  14875    0.122218
  14925    0.122509
  14975    0.121586
  15025    0.120664
  15075    0.119917
  15125    0.120151
  15175    0.119933
  15225     0.11958
  15275    0.119174
  15325    0.118504
  15375     0.11805
  15425    0.116908
  15475    0.116705
  15525    0.115443
  15575    0.112594
  15625    0.112792
  15675    0.112304
  15725      0.1122
  15775    0.109334
  15825    0.108121
  15875    0.107001
  15925    0.108775
  15975    0.107996
  16050    0.108151
  16150    0.107475
  16250     0.10648
  16350    0.105899
  16450    0.103262
  16550    0.103728
  16650    0.102363
  16750    0.100477
  16850   0.0985635
  16950   0.0984935
  17050   0.0969896
  17150   0.0953854
  17250   0.0929912
  17350    0.089859
  17450   0.0888953
  17550   0.0873675
  17650   0.0853137
  17750   0.0831199
  17850   0.0812234
  17950   0.0790418
  18050   0.0768044
  18150   0.0744292
  18250   0.0736818
  18350   0.0727915
  18450   0.0713345
  18550   0.0699968
  18650   0.0680182
  18750   0.0659823
  18850   0.0659541
  18950   0.0647498
  19050   0.0645096
  19150   0.0636428
  19250   0.0627134
  19350   0.0612758
  19450   0.0594652
  19550   0.0593759
  19650   0.0585308
  19750   0.0574008
  19850   0.0565771
  19950   0.0558609
  20050   0.0552855
  20150    0.054544
  20250   0.0535942
  20350   0.0530097
  20450   0.0526744
  20550    0.052023
  20650   0.0513899
  20750   0.0508565
  20850    0.050224
  20950   0.0495928
  21050   0.0492054
  21150   0.0485224
  21250   0.0479338
  21350   0.0475333
  21450   0.0469285
  21550   0.0461296
  21650   0.0449473
  21750   0.0447207
  21850   0.0443555
  21950   0.0438031
  22050   0.0430587
  22150   0.0426299
  22250   0.0418823
  22350   0.0413016
  22450   0.0407725
  22550    0.040206
  22650   0.0395702
  22750    0.039125
  22850    0.037894
  22950   0.0350562
  23050   0.0353865
  23150   0.0348321
  23250   0.0325554
  23350   0.0329058
  23450   0.0319564
  23550   0.0302549
  23650   0.0307545
  23750   0.0299451
  23850   0.0285777
  23950   0.0288955
  24050   0.0283314
  24150   0.0270731
  24250   0.0271469
  24350   0.0265834
  24450     0.02562
  24550   0.0251847
  24650   0.0249948
  24750   0.0242454
  24850   0.0232732
  24950   0.0230243
  25050   0.0229959
  25150   0.0221396
  25250   0.0220837
  25350   0.0219582
  25450   0.0216215
  25550   0.0213293
  25650   0.0211549
  25750   0.0211282
  25850   0.0206748
  25950   0.0205721
  26050   0.0204626
  26150   0.0200147
  26250   0.0196273
  26350   0.0197475
  26450   0.0196355
  26550   0.0193581
  26650   0.0190345
  26750   0.0189656
  26850   0.0188445
  26950    0.018528
  27050   0.0184569
  27150   0.0182833
  27250   0.0181374
  27350   0.0178013
  27450   0.0176668
  27550   0.0174291
  27650   0.0172407
  27750   0.0170418
  27850   0.0169748
  27950   0.0168602
  28050   0.0166591
  28150    0.016429
  28250   0.0163117
  28350   0.0161861
  28450    0.016012
  28550   0.0158095
  28650   0.0155905
  28750    0.015331
  28850   0.0152732
  28950   0.0151545
  29050   0.0150064
  29150    0.014848
  29250   0.0146438
  29350   0.0145479
  29450   0.0143634
  29550   0.0142175
  29650   0.0140993
  29750    0.013944
  29850   0.0137826
  29950   0.0136459
  30050   0.0135018
  30150    0.013386
  30250   0.0132078
  30350    0.012976
  30450   0.0129298
  30550   0.0128552
  30650   0.0127551
  30750    0.012655
  30850   0.0125279
  30950   0.0124352
  31050   0.0123427
  31150   0.0121934
  31250   0.0121027
  31350   0.0119932
  31450   0.0118862
  31550   0.0117771
  31650   0.0116596
  31750    0.011564
  31850   0.0114648
  31950   0.0113702
  32100   0.0112182
  32300   0.0110241
  32500   0.0108369
  32700   0.0106125
  32900   0.0103142
  33100    0.010166
  33300   0.0100122
  33500  0.00984315
  33700  0.00965568
  33900  0.00947476
  34100  0.00929439
  34300  0.00913089
  34500  0.00896416
  34700  0.00879391
  34900  0.00863151
  35100  0.00847396
  35300  0.00830558
  35500  0.00815316
  35700  0.00799715
  35900  0.00784805
  36100   0.0077139
  36300  0.00756634
  36500  0.00741371
  36700  0.00727267
  36900  0.00711955
  37100   0.0069831
  37300  0.00684213
  37500  0.00668873
  37700  0.00660163
  37900  0.00648248
  38100  0.00636857
  38300  0.00625697
  38500  0.00614639
  38700  0.00602324
  38900  0.00591068
  39100  0.00579663
  39300  0.00570081
  39500  0.00558578
  39700  0.00548584
  39900  0.00537384
  40100  0.00528141
  40300  0.00518511
  40500  0.00506862
  40700   0.0050057
  40900  0.00492569
  41100  0.00484471
  41300  0.00475984
  41500   0.0046677
  41700  0.00457322
  41900  0.00450939
  42100  0.00443183
  42300  0.00436369
  42500  0.00428552
  42700  0.00420523
  42900  0.00404932
  43100  0.00390824
  43300  0.00385922
  43500  0.00373196
  43700   0.0036321
  43900  0.00355874
  44100   0.0034505
  44300  0.00339643
  44500  0.00332685
  44700  0.00323042
  44900   0.0031985
  45100  0.00313123
  45300  0.00306206
  45500  0.00303497
  45700  0.00299031
  45900   0.0029185
  46100  0.00289709
  46300  0.00284466
  46500  0.00278801
  46700  0.00276352
  46900  0.00273025
  47100  0.00268932
  47300  0.00266913
  47500  0.00262515
  47700  0.00259018
  47900  0.00255357
  48100  0.00251102
  48300  0.00249338
  48500  0.00245421
  48700  0.00241282
  48900  0.00238098
  49100   0.0023479
  49300  0.00231593
  49500  0.00228147
  49700  0.00225841
  49900  0.00222369
  50100  0.00219819
  50300  0.00216856
  50500  0.00213223
  50700  0.00210799
  50900  0.00208002
  51100  0.00204653
  51300  0.00201462
  51500  0.00199558
  51700  0.00198143
  51900  0.00195343
  52100  0.00192719
  52300  0.00190067
  52500  0.00188148
  52700  0.00186517
  52900   0.0018312
  53100  0.00180501
  53300  0.00178721
  53500   0.0017654
  53700  0.00174397
  53900  0.00172354
  54100   0.0017023
  54300  0.00167824
  54500  0.00166291
  54700  0.00163953
  54900  0.00162196
  55100  0.00160179
  55300  0.00159293
  55500  0.00156572
  55700  0.00155212
  55900  0.00153181
  56100    0.001517
  56300  0.00149487
  56500   0.0014817
  56700  0.00146372
  56900  0.00144262
  57100  0.00143114
  57300  0.00141558
  57500  0.00139848
  57700  0.00138215
  57900  0.00136905
  58100   0.0013519
  58300  0.00133592
  58500  0.00131508
  58700  0.00129634
  58900  0.00128024
  59100   0.0012615
  59300  0.00125355
  59500  0.00123994
  59700  0.00122846
  59900  0.00121507
  60100  0.00120149
  60300  0.00118753
  60500  0.00117253
  60700  0.00115964
  60900   0.0011463
  61100  0.00113324
  61300  0.00112208
  61500  0.00111087
  61700  0.00110013
  61900  0.00108775
  62100  0.00107658
  62300  0.00106338
  62500  0.00105045
  62700  0.00103916
  62900  0.00102832
  63100  0.00101733
  63300  0.00100782
  63500 0.000996706
  63700 0.000987328
  63900 0.000975164
  64200 0.000959782
  64600 0.000939603
  65000 0.000920073
  65400 0.000900791
  65800 0.000882593
  66200 0.000864147
  66600 0.000846505
  67000 0.000829368
  67400 0.000812171
  67800 0.000795726
  68200 0.000779713
  68600 0.000764413
  69000 0.000748937
  69400 0.000734131
  69800 0.000719719
  70200 0.000705495
  70600 0.000691948
  71000 0.000678497
  71400 0.000665523
  71800 0.000652631
  72200 0.000640264
  72600 0.000628038
  73000  0.00061619
  73400   0.0006046
  73800 0.000592918
  74200 0.000578751
  74600 0.000565749
  75000 0.000555397
  75400 0.000546957
  75800 0.000537599
  76200 0.000527971
  76600 0.000518432
  77000 0.000509114
  77400 0.000500056
  77800 0.000491228
  78200 0.000482579
  78600 0.000474154
  79000 0.000465861
  79400 0.000457804
  79800  0.00044994
  80200 0.000442102
  80600 0.000434503
  81000 0.000427148
  81400 0.000419914
  81800 0.000412948
  82200 0.000406018
  82600 0.000399291
  83000 0.000392653
  83400  0.00038615
  83800  0.00037983
  84200 0.000373729
  84600 0.000367677
  85000 0.000361771
  85400 0.000355966
  85800 0.000350341
  86200 0.000344804
  86600 0.000339393
  87000 0.000334093
  87400 0.000328879
  87800 0.000323784
  88200 0.000318753
  88600 0.000313889
  89000 0.000309135
  89400 0.000304451
  89800 0.000299816
  90200 0.000295381
  90600  0.00029103
  91000 0.000286385
  91400 0.000281068
  91800 0.000276841
  92200 0.000272836
  92600 0.000268836
  93000 0.000264969
  93400 0.000261159
  93800  0.00025746
  94200 0.000253802
  94600 0.000250196
  95000 0.000246711
  95400 0.000243285
  95800 0.000239958
  96200 0.000236662
  96600  0.00023341
  97000 0.000230233
  97400  0.00022704
  97800 0.000224019
  98200 0.000221086
  98600 0.000218149
  99000 0.000215267
  99400 0.000212376
  99800 0.000209621
 100200 0.000181066
 200000 2.71947e-05
 400000   5.308e-06
 600000 2.28133e-06
 800000 1.30991e-06
  1e+06 8.60329e-07
1.2e+06 6.16678e-07
1.4e+06 4.64722e-07
1.6e+06 3.61221e-07
