     91    0.0012895
     94   0.00127195
     96   0.00128469
     98   0.00128951
    100   0.00129505
    102   0.00130123
    104   0.00130804
    106   0.00131547
    108   0.00132356
    110   0.00134682
    114   0.00135184
    118     0.001368
    121   0.00140117
    125   0.00140449
    127   0.00142417
    128   0.00145255
    131   0.00144314
    132   0.00147179
    134   0.00149025
    137   0.00151604
    140   0.00155096
    143   0.00159544
    147   0.00163598
    151   0.00168605
    155   0.00173764
    159   0.00178203
    162   0.00184693
    166   0.00190568
    170   0.00196654
    173   0.00204262
    177   0.00209713
    180   0.00215518
    182   0.00222916
    186   0.00230059
    191   0.00236811
    194   0.00246215
    198   0.00253313
    202   0.00260584
    205   0.00270762
    210   0.00280909
    216   0.00291131
    220   0.00301926
    223   0.00312019
    227    0.0093974
    230    0.0536845
    234     0.058207
    240    0.0559832
    246     0.053979
    252    0.0521177
    257    0.0506685
    260    0.0498293
    264    0.0487804
    269    0.0472928
    274    0.0458293
    279    0.0442949
    284    0.0431997
    290    0.0417823
    296    0.0402378
    301    0.0390286
    308    0.0375892
    318    0.0354682
    328    0.0334059
    338    0.0314115
    348    0.0296552
    357    0.0286709
    366    0.0280713
    375    0.0268412
    385    0.0252888
    395    0.0248542
    405    0.0243441
    414    0.0233697
    422    0.0222625
    430    0.0213979
    441    0.0207375
    451    0.0199229
    460    0.0188678
    470    0.0181233
    480    0.0176069
    490    0.0166818
    500    0.0164026
    506    0.0159907
    512     0.016747
    520    0.0162045
    530    0.0152737
    540    0.0141519
    550    0.0135943
    560    0.0138501
    570    0.0138115
    580    0.0133612
    590    0.0128856
    600    0.0120096
    610    0.0115414
    620    0.0117435
    630    0.0113467
    640    0.0112539
    650    0.0108253
    658    0.0103845
    665    0.0104944
    675    0.0103019
    685   0.00971292
    695    0.0096534
    705   0.00904954
    716   0.00926686
    726    0.0091613
    735   0.00895565
    745   0.00863887
    755   0.00834289
    765   0.00792055
    775   0.00790358
    785   0.00757158
    795   0.00754596
    805   0.00747686
    815   0.00734385
    825   0.00713984
    835   0.00661532
    845   0.00679709
    855   0.00669645
    865   0.00663924
    875   0.00654162
    885   0.00642859
    895   0.00631993
    905    0.0072537
    915    0.0144398
    925    0.0222344
    935     0.029733
    945    0.0361472
    955    0.0401606
    965    0.0394137
    975    0.0257133
    985    0.0326643
    995    0.0344309
   1005    0.0391226
   1015    0.0392751
   1025    0.0326866
   1035    0.0370846
   1045    0.0453891
   1055    0.0447841
   1065    0.0404754
   1075    0.0415734
   1085    0.0393554
   1095    0.0428592
   1105    0.0422561
   1115    0.0409799
   1125    0.0385859
   1135    0.0423382
   1145    0.0418801
   1155    0.0419312
   1165    0.0403855
   1175    0.0336086
   1185    0.0388008
   1195    0.0360083
   1205    0.0321797
1208.72    0.0290197
 1208.8    0.0271173
1208.87    0.0268705
1208.94    0.0266088
1209.02    0.0263206
1209.09    0.0260274
1209.16    0.0257309
1209.23    0.0254047
1209.31    0.0250452
1209.38     0.024682
1209.45    0.0242994
1209.53    0.0238782
 1209.6    0.0234552
1209.67    0.0230112
1209.75    0.0225225
1209.82    0.0220354
1209.89    0.0215538
1209.96    0.0210247
1210.04    0.0204433
1210.11    0.0198699
1210.18    0.0192743
1210.26    0.0186202
1210.33    0.0179811
 1210.4    0.0173634
1210.47    0.0166857
1210.55    0.0159427
1210.62     0.015227
1210.69    0.0144934
1210.77    0.0136895
1210.84    0.0129249
1210.91    0.0121467
1210.99    0.0112937
1211.06    0.0104952
1211.13   0.00976108
 1211.2   0.00895353
1211.28   0.00806711
1211.35   0.00725763
1211.42   0.00645034
 1211.5   0.00556187
1211.57   0.00477003
1211.64   0.00398957
1211.72    0.0031264
1211.79   0.00238127
1211.86   0.00176678
1211.93   0.00107539
1212.01  0.000300549
1212.08 -0.000327598
1212.15 -0.000919945
1212.23  -0.00159622
 1212.3  -0.00210244
1212.37  -0.00242683
1212.44  -0.00282958
1212.52  -0.00331835
1212.59   -0.0036114
1212.66  -0.00384277
1212.74   -0.0041619
1212.81  -0.00426757
1212.88  -0.00430425
1212.96  -0.00442943
1213.03  -0.00432725
 1213.1  -0.00399156
1213.17  -0.00374494
1213.25  -0.00359289
1213.32  -0.00320572
1213.39  -0.00274602
1213.47    -0.002387
1213.54  -0.00179292
1213.61  -0.00113025
1213.69 -0.000574539
1213.76  0.000210649
1213.83   0.00122081
 1213.9   0.00211352
1213.98   0.00288323
1214.05     0.003863
1214.12   0.00488325
 1214.2    0.0057702
1214.27   0.00684395
1214.34   0.00809651
1214.41   0.00920143
1214.49    0.0101563
1214.56    0.0112652
1214.63    0.0123667
1214.71    0.0133123
1214.78    0.0143724
1214.85    0.0154039
1214.93    0.0162981
   1215    0.0172817
1215.07    0.0183639
1215.14    0.0192906
1215.22    0.0200775
1215.29    0.0208924
1215.36    0.0216325
1215.44    0.0222179
1215.51    0.0227943
1215.58    0.0232826
1215.66    0.0236291
1215.73    0.0239305
 1215.8     0.024164
1215.87    0.0242607
1215.95    0.0242401
1216.02    0.0241374
1216.09    0.0239363
1216.17    0.0236459
1216.24    0.0232502
1216.31    0.0227291
1216.38    0.0221389
1216.46    0.0215033
1216.53    0.0207409
 1216.6    0.0199016
1216.68     0.019057
1216.75    0.0180779
1216.82    0.0170369
 1216.9    0.0160337
1216.97    0.0148906
1217.04    0.0135979
1217.11    0.0123733
1217.19    0.0112395
1217.26   0.00996892
1217.33   0.00869122
1217.41    0.0075421
1217.48   0.00626051
1217.55   0.00499358
1217.63   0.00389637
 1217.7   0.00267397
1217.77   0.00132706
1217.84   0.00017523
1217.92 -0.000771688
1217.99  -0.00182823
1218.06  -0.00282596
1218.14  -0.00359677
1218.21  -0.00446916
1218.28  -0.00544256
1218.35  -0.00617317
1218.43  -0.00665793
 1218.5  -0.00723323
1218.57  -0.00772594
1218.65  -0.00796817
1218.72  -0.00829834
1218.79  -0.00854389
1218.87  -0.00854014
1218.94  -0.00862195
1219.01  -0.00878578
1219.08  -0.00870368
1219.16  -0.00838568
1219.23  -0.00814947
 1219.3   -0.0078397
1219.38  -0.00730731
1219.45   -0.0068609
1219.52  -0.00634902
 1219.6  -0.00563524
1219.67  -0.00500839
1219.74  -0.00446148
1219.81  -0.00372864
1219.89  -0.00282231
1219.96  -0.00200361
1220.03  -0.00114999
1220.11 -0.000147726
1220.18  0.000765546
1220.25    0.0015959
1220.32   0.00255761
 1220.4   0.00363746
1220.47   0.00462754
1220.54   0.00562504
1220.62    0.0067184
1220.69    0.0077227
1220.76   0.00872472
1220.84   0.00980193
1220.91    0.0107922
1220.98     0.011701
1221.05    0.0126721
1221.13    0.0136953
 1221.2    0.0146358
1221.27    0.0155575
1221.35    0.0165159
1221.42    0.0173962
1221.49    0.0182534
1221.57    0.0191353
1221.64    0.0199446
1221.71    0.0206868
1221.78     0.021448
1221.86    0.0222216
1221.93    0.0229301
   1222    0.0236119
1222.08    0.0242995
1222.15    0.0249287
1222.22     0.025505
1222.29    0.0260846
1222.37    0.0266634
1222.44    0.0271928
1222.51    0.0276977
1222.59     0.028199
1222.66    0.0286572
1222.73    0.0290931
1222.81    0.0295236
1222.88    0.0299172
1222.95    0.0302776
1223.02    0.0306335
 1223.1    0.0309827
1223.17    0.0313025
1223.24    0.0332509
   1225     0.037801
   1235     0.042343
   1245    0.0443902
   1255    0.0442399
   1265    0.0439973
   1275    0.0473417
   1285      0.04812
   1295      0.04452
   1305    0.0448274
   1315    0.0485703
   1325    0.0479809
   1335    0.0465611
   1345    0.0488996
   1355    0.0485068
   1365    0.0466838
   1375     0.046721
   1385      0.04594
   1395    0.0408529
   1405    0.0406091
   1415    0.0447983
   1425    0.0454375
   1435    0.0461997
   1442    0.0470302
   1447    0.0473062
   1455    0.0465336
   1465     0.045409
   1475    0.0456532
   1485    0.0461414
   1495     0.046118
   1505    0.0450933
   1512     0.043555
   1517    0.0442063
   1525    0.0435738
   1535    0.0409995
   1545    0.0399251
   1555    0.0399179
   1565     0.041633
   1575    0.0433597
   1585    0.0444327
   1595    0.0447955
   1605    0.0442496
   1615    0.0440349
   1625    0.0437491
   1635    0.0445956
   1645    0.0447104
   1655    0.0444544
   1665    0.0453651
   1672    0.0440828
   1677    0.0467389
   1685    0.0472056
   1695    0.0462267
   1705     0.045582
   1715    0.0448572
   1725    0.0449234
   1735    0.0461749
   1745    0.0462549
   1755    0.0469899
   1765    0.0458439
   1775     0.046148
   1785    0.0469322
   1795    0.0482178
   1805    0.0485188
   1815     0.047477
   1825    0.0474797
   1835    0.0469478
   1845    0.0452121
   1855    0.0456832
   1865    0.0468857
   1875    0.0477332
   1885    0.0467594
   1895    0.0466089
   1905    0.0473154
   1915    0.0470043
   1925    0.0462348
   1935    0.0461462
   1945    0.0482737
   1955    0.0480736
   1967    0.0498229
   1976    0.0501789
   1984    0.0498991
   1995    0.0495724
   2005    0.0496366
   2015    0.0496365
   2025    0.0493195
   2035    0.0502725
   2045    0.0510658
   2055    0.0485723
   2065    0.0493215
   2074    0.0528471
   2078    0.0586309
   2085    0.0614861
   2095    0.0600905
   2105    0.0597086
   2115    0.0613642
   2125    0.0600294
   2135    0.0590221
   2145     0.062518
   2155    0.0630032
   2165    0.0606011
   2175    0.0611254
   2185    0.0647929
   2195    0.0660656
   2205     0.064623
   2215    0.0605632
   2225    0.0630573
   2235    0.0690162
   2245    0.0676286
   2255    0.0622014
   2265    0.0609012
   2275    0.0636066
   2285    0.0687435
   2295    0.0660274
   2305    0.0689519
   2315    0.0656546
   2325    0.0595794
   2335    0.0581621
   2345    0.0552052
   2355    0.0620615
   2365    0.0565345
   2375    0.0578006
   2385    0.0526351
   2395    0.0546362
   2405    0.0553012
   2415     0.058757
   2425    0.0681659
   2435    0.0702187
   2445    0.0749107
   2455     0.076507
   2465    0.0727336
   2475    0.0679525
   2485    0.0606117
   2495    0.0626731
   2505    0.0707423
   2513    0.0588761
   2518    0.0541773
   2525    0.0557381
   2535    0.0618914
   2545    0.0663017
   2555    0.0791268
   2565    0.0750193
   2575    0.0802029
   2585    0.0777277
   2595    0.0740089
   2605     0.069831
   2615    0.0683528
   2625    0.0783217
   2635     0.100308
   2645     0.123025
   2655     0.143221
   2665     0.118475
   2675     0.122699
   2685     0.130258
   2695     0.114708
   2705     0.120473
   2715     0.103862
   2725    0.0940401
   2735    0.0990485
   2745    0.0823345
   2755    0.0904144
   2765     0.103949
   2775     0.106277
   2785    0.0845672
   2795      0.06325
   2805    0.0689316
   2815      0.10205
   2825     0.125328
   2835     0.121889
   2845     0.102276
   2855    0.0874014
   2865     0.122023
   2875     0.146855
   2885     0.146017
   2895      0.16814
   2910     0.198374
   2930     0.186377
   2950     0.176668
   2970     0.180237
   2990     0.183065
   3010     0.185454
   3030      0.19376
   3050     0.202177
   3070      0.21272
   3090      0.21451
   3110     0.231947
   3130     0.225111
   3150     0.226081
   3170     0.236724
   3190     0.222209
   3210     0.229574
   3230     0.219014
   3250     0.267837
   3270     0.303329
   3290     0.302847
   3310     0.291268
   3330     0.293879
   3350     0.281346
   3370     0.239896
   3390     0.252535
   3410     0.261699
   3430     0.273272
   3450     0.283472
   3470     0.295156
   3490     0.320872
   3510     0.335321
   3530     0.321846
   3550     0.338351
   3570      0.27542
   3590      0.27238
   3610     0.313605
   3630     0.331016
   3640     0.348606
   3650     0.383611
   3670      0.39536
   3690     0.373699
3704.66     0.378515
3704.88     0.383343
3705.11     0.383579
3705.33     0.383813
3705.55     0.384046
3705.78     0.384279
   3706      0.38451
3706.22     0.384739
3706.45     0.384966
3706.67     0.385192
3706.89     0.385415
3707.12     0.385634
3707.34     0.385852
3707.56     0.386066
3707.79     0.386275
3708.01      0.38648
3708.24     0.386681
3708.46     0.386874
3708.68     0.387062
3708.91     0.387241
3709.13     0.387412
3709.35     0.387574
3709.58     0.387723
 3709.8     0.387857
   3710     0.387937
3710.02     0.387564
3710.25     0.386567
3710.47     0.385284
 3710.7     0.383982
3710.92     0.382661
3711.14     0.381318
3711.37     0.379948
3711.59     0.378553
3711.81     0.377128
3712.04     0.375666
3712.26     0.374171
3712.48     0.372639
3712.71     0.371059
3712.93     0.369434
3713.16     0.367759
3713.38     0.366039
 3713.6     0.364262
3713.83      0.36242
3714.05     0.360524
3714.27     0.358562
 3714.5     0.356522
3714.72     0.354423
3714.94     0.352252
3715.17     0.349991
3715.39     0.347654
3715.62     0.345239
3715.84     0.342763
3716.06     0.340212
3716.29     0.337568
3716.51     0.334874
3716.73     0.332114
3716.96     0.329269
3717.18     0.326396
 3717.4     0.323479
3717.63     0.320497
3717.85     0.317492
3718.08     0.314474
 3718.3     0.311497
3718.52     0.308542
3718.75     0.305593
3718.97     0.302744
3719.19      0.29998
3719.42     0.297281
3719.64     0.294758
3719.86     0.292392
3720.09     0.290162
3720.31     0.288187
3720.53     0.286448
3720.76     0.284919
3720.98     0.283673
3721.21     0.282732
3721.43     0.282173
3721.65     0.281958
3721.88     0.282051
 3722.1     0.282569
3722.32     0.283467
3722.55     0.284692
3722.77     0.286353
3722.99     0.288386
3723.22     0.290727
3723.44     0.293412
3723.67     0.296417
3723.89     0.299761
3724.11     0.303358
3724.34     0.307125
3724.56     0.311103
3724.78       0.3152
3725.01     0.319329
3725.23     0.323512
3725.45      0.32765
3725.68     0.331657
 3725.9      0.33551
3726.13     0.339149
3726.35     0.342537
3726.57     0.345598
 3726.8     0.348272
3727.02     0.350535
3727.24      0.35234
3727.47      0.35365
3727.69     0.354442
3727.91     0.354696
3728.14      0.35441
3728.36     0.353577
3728.59       0.3522
3728.81     0.350267
3729.03     0.347815
3729.26     0.344897
3729.48     0.341493
 3729.7     0.337664
3729.93     0.334237
   3730     0.331828
3730.15     0.329736
3730.37     0.326729
 3730.6     0.323275
3730.82     0.319644
3731.05      0.31589
3731.27     0.312018
3731.49     0.308126
3731.72     0.304314
3731.94     0.300525
3732.16     0.296858
3732.39       0.2934
3732.61     0.290084
3732.83     0.286988
3733.06     0.284194
3733.28     0.281666
3733.51     0.279421
3733.73     0.277416
3733.95     0.275707
3734.18     0.274342
 3734.4     0.273221
3734.62     0.272388
3734.85     0.271878
3735.07     0.271585
3735.29     0.271539
3735.52     0.271767
3735.74     0.272164
3735.96     0.272753
3736.19     0.273552
3736.41     0.274499
3736.64     0.275573
3736.86     0.276723
3737.08     0.277964
3737.31     0.279306
3737.53     0.280674
3737.75     0.282079
3737.98     0.283532
 3738.2     0.284971
3738.42     0.286408
3738.65     0.287849
3738.87     0.289267
 3739.1      0.29065
3739.32     0.291979
3739.54     0.293263
3739.77     0.294514
3739.99       0.2957
3740.21     0.296832
3740.44     0.297916
3740.66     0.298936
3740.88     0.299898
3741.11     0.300808
3741.33      0.30166
3741.56     0.302456
3741.78     0.303192
   3742     0.303876
3742.23      0.30451
3742.45     0.305092
3742.67     0.305627
 3742.9     0.306116
3743.12      0.30656
3743.34     0.306963
3743.57     0.307325
3743.79     0.307647
3744.02      0.30793
3744.24      0.30818
3744.46     0.308396
3744.69     0.308575
3744.91     0.308725
3745.13     0.308845
3745.36     0.308931
3745.58     0.308991
 3745.8     0.309023
3746.03     0.309022
3746.25     0.308993
3746.48     0.308936
 3746.7     0.308859
3746.92     0.308754
3747.15     0.308617
3747.37      0.30846
3747.59     0.308277
3747.82      0.30806
3748.04     0.307825
3748.26     0.307564
3748.49     0.307267
3748.71     0.306953
3748.93     0.306611
3749.16     0.305981
   3750     0.294328
   3770     0.261665
   3790     0.375961
   3810     0.396728
   3830     0.303217
   3850     0.352409
   3870     0.368721
   3890     0.294185
   3910     0.446856
   3930     0.336124
   3950     0.400215
   3970      0.18408
   3990     0.556641
   4010     0.631019
   4030     0.630583
   4050     0.612224
   4070     0.591665
 4078.2     0.612376
4078.45     0.623086
 4078.7     0.624196
4078.94     0.625305
4079.19     0.626414
4079.43     0.627521
4079.68     0.628627
4079.93     0.629732
4080.17     0.630834
4080.42     0.631935
4080.66     0.633033
4080.91     0.634129
4081.16      0.63522
 4081.4     0.636308
4081.65     0.637392
 4081.9     0.638469
4082.14     0.639541
4082.39     0.640605
4082.63     0.641662
4082.88     0.642706
4083.13      0.64374
4083.37     0.644761
4083.62     0.645767
4083.86     0.646755
4084.11     0.647723
4084.36     0.648667
 4084.6     0.649586
4084.85     0.650474
 4085.1     0.651328
4085.34     0.652146
4085.59     0.652921
4085.83     0.653648
4086.08     0.654317
4086.33     0.654925
4086.57     0.655471
4086.82     0.655943
4087.06     0.656334
4087.31     0.656625
4087.56     0.656816
 4087.8     0.656907
4088.05     0.656869
 4088.3       0.6567
4088.54     0.656405
4088.79      0.65596
4089.03     0.655354
4089.28     0.654556
4089.53     0.653572
4089.77     0.652442
   4090     0.651447
4090.02     0.650191
4090.26     0.647611
4090.51     0.644044
4090.76     0.640239
   4091     0.636222
4091.25     0.631916
 4091.5     0.627348
4091.74     0.622559
4091.99     0.617506
4092.23     0.612187
4092.48     0.606549
4092.73     0.600644
4092.97     0.594537
4093.22     0.588117
4093.47     0.581454
4093.71     0.574628
4093.96     0.567594
 4094.2     0.560367
4094.45     0.552893
 4094.7      0.54527
4094.94     0.537603
4095.19     0.529847
4095.43      0.52203
4095.68     0.514104
4095.93     0.506186
4096.17     0.498398
4096.42     0.490612
4096.67      0.48295
4096.91     0.475538
4097.16      0.46833
 4097.4     0.461366
4097.65     0.454608
 4097.9     0.448174
4098.14     0.442173
4098.39     0.436563
4098.63     0.431377
4098.88     0.426586
4099.13     0.422282
4099.37     0.418536
4099.62     0.415272
4099.87     0.412553
4100.11     0.410424
4100.36      0.40885
 4100.6     0.407836
4100.85     0.407375
 4101.1     0.407479
4101.34     0.408136
4101.59     0.409328
4101.83     0.411038
4102.08     0.413274
4102.33     0.415998
4102.57     0.419148
4102.82     0.422769
4103.07     0.426794
4103.31     0.431139
4103.56     0.435815
 4103.8     0.440788
4104.05     0.446094
 4104.3     0.451637
4104.54     0.457305
4104.79     0.463132
4105.03     0.469083
4105.28     0.475209
4105.53     0.481396
4105.77     0.487533
4106.02     0.493752
4106.27     0.499944
4106.51     0.505995
4106.76     0.511965
   4107     0.517831
4107.25     0.523656
 4107.5     0.529337
4107.74     0.534779
4107.99     0.540046
4108.23     0.545126
4108.48     0.550077
4108.73     0.554819
4108.97     0.559277
4109.22     0.563577
4109.47     0.567649
4109.71     0.571435
4109.96      0.57428
   4110     0.576311
 4110.2     0.579205
4110.45     0.583048
 4110.7     0.586835
4110.94     0.590358
4111.19     0.593707
4111.44     0.596844
4111.68     0.599744
4111.93     0.602452
4112.17     0.604976
4112.42     0.607347
4112.67     0.609547
4112.91     0.611562
4113.16     0.613427
 4113.4     0.615149
4113.65     0.616752
 4113.9     0.618228
4114.14     0.619572
4114.39     0.620819
4114.64     0.621965
4114.88     0.623007
4115.13     0.623964
4115.37     0.624845
4115.62     0.625659
4115.87     0.626409
4116.11     0.627094
4116.36     0.627726
 4116.6     0.628311
4116.85     0.628857
 4117.1     0.629363
4117.34     0.629832
4117.59     0.630273
4117.84     0.630687
4118.08     0.631074
4118.33     0.631442
4118.57      0.63179
4118.82     0.632123
4119.07     0.632443
4119.31     0.632748
4119.56     0.633045
4119.81     0.633331
4120.05     0.633611
 4120.3     0.633882
4120.54     0.634147
4120.79     0.634409
4121.04     0.634665
4121.28     0.634918
4121.53     0.635167
4121.77     0.635415
4122.02      0.63566
4122.27     0.635903
4122.51     0.636144
4122.76     0.636385
4123.01     0.636624
4123.25     0.636862
 4123.5     0.637099
4123.74     0.637335
4123.99     0.637571
4124.24     0.637807
4124.48     0.638043
4124.73     0.638278
4124.97     0.638513
4125.22     0.638747
4125.47     0.638982
4125.71     0.639215
4125.96      0.63945
4126.21     0.639684
4126.45     0.639918
 4126.7     0.640151
4126.94     0.640385
4127.19     0.641424
   4130     0.642998
   4150     0.638349
   4170     0.642876
   4190     0.635805
   4210     0.635369
   4230     0.620719
   4250        0.637
   4270     0.614337
   4290     0.578512
   4310     0.532097
4315.65     0.553074
4315.91     0.566677
4316.17     0.568824
4316.43     0.570969
4316.69     0.573114
4316.95     0.575259
4317.21     0.577403
4317.47     0.579547
4317.73      0.58169
4317.99     0.583832
4318.25     0.585974
4318.52     0.588116
4318.78     0.590257
4319.04     0.592397
 4319.3     0.594537
4319.56     0.596677
4319.82     0.598816
4320.08     0.600954
4320.34     0.603092
 4320.6      0.60523
4320.86     0.607367
4321.12     0.609503
4321.38      0.61164
4321.64     0.613775
 4321.9     0.615911
4322.16     0.618046
4322.42     0.620181
4322.68     0.622316
4322.94     0.624452
 4323.2     0.626586
4323.46     0.628721
4323.73     0.630856
4323.99     0.632991
4324.25     0.635128
4324.51     0.637265
4324.77     0.639403
4325.03     0.641544
4325.29     0.643686
4325.55     0.645832
4325.81     0.647981
4326.07     0.650135
4326.33     0.652295
4326.59      0.65446
4326.85     0.656634
4327.11     0.658817
4327.37     0.661011
4327.63     0.663217
4327.89      0.66544
4328.15     0.667679
4328.41     0.669939
4328.67     0.672219
4328.94     0.674526
 4329.2     0.676859
4329.46     0.679221
4329.72     0.681614
4329.98     0.683462
   4330     0.684296
4330.24     0.684404
 4330.5     0.684586
4330.76     0.684799
4331.02      0.68503
4331.28     0.685266
4331.54     0.685493
 4331.8     0.685689
4332.06     0.685824
4332.32     0.685862
4332.58     0.685758
4332.84     0.685455
 4333.1     0.684888
4333.36     0.683978
4333.62     0.682638
4333.88     0.680732
4334.15     0.678131
4334.41     0.674801
4334.67      0.67065
4334.93     0.665519
4335.19     0.659302
4335.45     0.651907
4335.71      0.64326
4335.97     0.633316
4336.23     0.622063
4336.49      0.60953
4336.75     0.595792
4337.01     0.580973
4337.27     0.565253
4337.53     0.548859
4337.79     0.532075
4338.05     0.515222
4338.31      0.49866
4338.57     0.482772
4338.83     0.467953
4339.09     0.454594
4339.35     0.442945
4339.62     0.433407
4339.88     0.426496
4340.14     0.422364
 4340.4     0.421051
4340.66     0.422617
4340.92     0.427038
4341.18     0.434205
4341.44     0.443928
 4341.7     0.455948
4341.96     0.469942
4342.22     0.485547
4342.48     0.502366
4342.74     0.519988
   4343     0.538007
4343.26     0.556028
4343.52     0.573693
4343.78      0.59068
4344.04     0.606717
 4344.3     0.621749
4344.57     0.635578
4344.83     0.647781
4345.09     0.658331
4345.35     0.667377
4345.61     0.674956
4345.87     0.681135
4346.13     0.686008
4346.39     0.689692
4346.65      0.69231
4346.91     0.693998
4347.17     0.694887
4347.43     0.695107
4347.69     0.694777
4347.95     0.694014
4348.21     0.692914
4348.47     0.691568
4348.73     0.690051
4348.99      0.68843
4349.25     0.686753
4349.51     0.685072
4349.78     0.683466
   4350     0.682297
4350.04     0.681902
 4350.3     0.681631
4350.56     0.681376
4350.82      0.68121
4351.08     0.681135
4351.34     0.681155
 4351.6     0.681267
4351.86     0.681468
4352.12     0.681756
4352.38     0.682123
4352.64     0.682565
 4352.9     0.683077
4353.16     0.683652
4353.42     0.684284
4353.68     0.684968
4353.94     0.685698
 4354.2      0.68647
4354.46     0.687278
4354.72     0.688118
4354.99     0.688986
4355.25     0.689879
4355.51     0.690793
4355.77     0.691725
4356.03     0.692673
4356.29     0.693635
4356.55     0.694608
4356.81      0.69559
4357.07     0.696581
4357.33     0.697579
4357.59     0.698582
4357.85     0.699589
4358.11     0.700601
4358.37     0.701616
4358.63     0.702633
4358.89     0.703652
4359.15     0.704673
4359.41     0.705695
4359.67     0.706718
4359.93     0.707742
 4360.2     0.708766
4360.46     0.709791
4360.72     0.710817
4360.98     0.711842
4361.24     0.712867
 4361.5     0.713893
4361.76     0.714918
4362.02     0.715943
4362.28     0.716968
4362.54     0.717992
 4362.8     0.719017
4363.06     0.720041
4363.32     0.721066
4363.58     0.722089
4363.84     0.723113
 4364.1     0.724137
4364.36      0.72516
4364.62     0.726183
4364.88     0.727206
4365.15     0.728228
4365.41      0.72925
4365.67     0.730272
4365.93     0.731294
4366.19     0.732316
4366.45     0.733337
4366.71     0.734358
4366.97     0.735379
4367.23     0.736399
4367.49     0.739813
   4370     0.733272
   4390     0.692425
   4410     0.717388
   4430     0.759468
   4450     0.775098
   4470     0.810784
   4490     0.842861
   4510     0.905033
   4530     0.845714
   4550     0.866589
   4570     0.910299
   4590     0.889345
   4610     0.898187
   4630      0.89021
   4650     0.900481
   4670     0.926362
   4690     0.918731
   4710      0.90202
   4730     0.921824
   4750     0.942658
   4770     0.937131
   4790     0.938113
   4810     0.942606
   4830     0.957373
4834.84     0.953675
4835.13     0.950121
4835.42     0.949304
4835.71     0.948486
   4836     0.947669
4836.29     0.946853
4836.59     0.946036
4836.88     0.945219
4837.17     0.944403
4837.46     0.943588
4837.75     0.942772
4838.05     0.941957
4838.34     0.941143
4838.63     0.940329
4838.92     0.939515
4839.21     0.938703
 4839.5     0.937891
 4839.8      0.93708
4840.09     0.936271
4840.38     0.935463
4840.67     0.934656
4840.96     0.933852
4841.26     0.933052
4841.55     0.932255
4841.84     0.931462
4842.13     0.930674
4842.42     0.929891
4842.72     0.929117
4843.01     0.928353
 4843.3     0.927598
4843.59     0.926856
4843.88      0.92613
4844.17     0.925421
4844.47     0.924734
4844.76     0.924072
4845.05     0.923437
4845.34     0.922835
4845.63     0.922269
4845.93     0.921746
4846.22     0.921271
4846.51     0.920848
 4846.8     0.920483
4847.09     0.920182
4847.38     0.919946
4847.68     0.919782
4847.97     0.919693
4848.26     0.919683
4848.55     0.919749
4848.84     0.919885
4849.14     0.920082
4849.43     0.920339
4849.72     0.920641
   4850     0.920861
4850.01     0.920988
 4850.3     0.920944
4850.59     0.920876
4850.89     0.920715
4851.18     0.920452
4851.47     0.920039
4851.76     0.919402
4852.05     0.918429
4852.35     0.917028
4852.64     0.915201
4852.93      0.91288
4853.22     0.909929
4853.51     0.906178
4853.81     0.901512
 4854.1     0.896006
4854.39     0.889613
4854.68     0.882178
4854.97     0.873647
4855.26     0.863831
4855.56      0.85268
4855.85     0.840513
4856.14     0.827398
4856.43     0.813249
4856.72     0.797945
4857.02     0.781598
4857.31     0.764779
 4857.6     0.747661
4857.89      0.73027
4858.18     0.712831
4858.47     0.695396
4858.77     0.678242
4859.06     0.662029
4859.35     0.646977
4859.64      0.63316
4859.93     0.620695
4860.23     0.609867
4860.52     0.601056
4860.81     0.594347
 4861.1     0.589761
4861.39      0.58736
4861.68     0.587183
4861.98     0.589284
4862.27      0.59349
4862.56     0.599614
4862.85     0.607571
4863.14     0.617306
4863.44     0.628666
4863.73     0.641094
4864.02     0.654294
4864.31     0.668169
 4864.6     0.682678
 4864.9     0.697564
4865.19     0.712191
4865.48     0.726334
4865.77     0.739998
4866.06     0.753015
4866.35     0.765433
4866.65     0.777113
4866.94      0.78761
4867.23     0.796895
4867.52      0.80512
4867.81     0.812403
4868.11     0.818733
 4868.4     0.823908
4868.69     0.828003
4868.98     0.831206
4869.27     0.833594
4869.56     0.835302
4869.86     0.836282
   4870      0.83688
4870.15     0.838566
4870.44     0.840828
4870.73     0.843022
4871.02     0.844902
4871.32      0.84652
4871.61     0.847881
 4871.9     0.849052
4872.19     0.850104
4872.48     0.851076
4872.77      0.85201
4873.07     0.852927
4873.36     0.853833
4873.65     0.854749
4873.94     0.855695
4874.23     0.856682
4874.53     0.857715
4874.82      0.85879
4875.11     0.859911
 4875.4      0.86108
4875.69     0.862293
4875.98     0.863551
4876.28     0.864848
4876.57     0.866182
4876.86     0.867548
4877.15     0.868944
4877.44     0.870366
4877.74     0.871811
4878.03     0.873276
4878.32     0.874757
4878.61     0.876253
 4878.9     0.877762
 4879.2     0.879281
4879.49     0.880809
4879.78     0.882343
4880.07     0.883886
4880.36     0.885431
4880.65     0.886979
4880.95     0.888531
4881.24     0.890086
4881.53     0.891642
4881.82       0.8932
4882.11     0.894759
4882.41     0.896318
 4882.7     0.897879
4882.99      0.89944
4883.28     0.901001
4883.57     0.902562
4883.86     0.904123
4884.16     0.905684
4884.45     0.907244
4884.74     0.908805
4885.03     0.910365
4885.32     0.911925
4885.62     0.913485
4885.91     0.915044
 4886.2     0.916603
4886.49     0.918161
4886.78      0.91972
4887.07     0.921277
4887.37     0.922835
4887.66     0.924393
4887.95      0.92595
4888.24     0.927506
4888.53     0.929062
4888.83     0.930618
4889.12     0.932173
4889.41     0.933728
 4889.7     0.935292
   4890     0.936675
4890.29     0.936929
4890.58     0.936985
4890.87     0.937042
4891.16     0.937099
4891.45     0.937155
4891.74     0.937212
4892.04     0.937269
4892.33     0.937326
4892.62     0.937383
4892.91     0.939865
   4910     0.938395
4928.77     0.926909
4929.07      0.92448
4929.36     0.924229
4929.66     0.923977
4929.96     0.923755
   4930     0.923811
4930.26     0.924177
4930.55     0.924694
4930.85     0.925234
4931.15     0.925774
4931.45     0.926313
4931.74     0.926852
4932.04     0.927391
4932.34      0.92793
4932.64     0.928469
4932.93     0.929008
4933.23     0.929546
4933.53     0.930085
4933.83     0.930623
4934.12     0.931161
4934.42     0.931699
4934.72     0.932236
4935.02     0.932774
4935.31     0.933311
4935.61     0.933849
4935.91     0.934386
4936.21     0.934923
 4936.5      0.93546
 4936.8     0.935997
 4937.1     0.936533
 4937.4      0.93707
4937.69     0.937606
4937.99     0.938143
4938.29     0.938679
4938.59     0.939215
4938.88     0.939752
4939.18     0.940288
4939.48     0.940825
4939.78     0.941361
4940.07     0.941898
4940.37     0.942434
4940.67     0.942972
4940.97      0.94351
4941.26     0.944048
4941.56     0.944588
4941.86     0.945129
4942.16     0.945671
4942.45     0.946216
4942.75     0.946763
4943.05     0.947312
4943.35     0.947864
4943.64     0.948422
4943.94     0.948982
4944.24     0.949548
4944.54      0.95012
4944.83       0.9507
4945.13     0.951288
4945.43     0.951883
4945.73      0.95249
4946.02      0.95311
4946.32     0.953741
4946.62     0.954384
4946.92     0.955044
4947.21     0.955725
4947.51     0.956419
4947.81      0.95713
4948.11     0.957865
 4948.4     0.958624
 4948.7     0.959402
   4949     0.960199
 4949.3     0.961023
4949.59     0.961875
4949.89     0.962587
   4950     0.963062
4950.19     0.963197
4950.49     0.963363
4950.78      0.96358
4951.08      0.96381
4951.38     0.964047
4951.68     0.964307
4951.97     0.964587
4952.27     0.964864
4952.57     0.965135
4952.87     0.965414
4953.16     0.965697
4953.46     0.965957
4953.76      0.96619
4954.06     0.966411
4954.35     0.966616
4954.65     0.966775
4954.95     0.966884
4955.25      0.96696
4955.54     0.966997
4955.84     0.966971
4956.14     0.966877
4956.44     0.966731
4956.73     0.966531
4957.03     0.966257
4957.33     0.965912
4957.63     0.965507
4957.92     0.965046
4958.22     0.964507
4958.52     0.963909
4958.82     0.963261
4959.11      0.96256
4959.41     0.961808
4959.71     0.961016
4960.01     0.960188
 4960.3     0.959331
 4960.6     0.958453
 4960.9     0.957565
 4961.2     0.956666
4961.49     0.955764
4961.79     0.954873
4962.09     0.954003
4962.39     0.953148
4962.68     0.952311
4962.98     0.951515
4963.28     0.950765
4963.58     0.950046
4963.87     0.949361
4964.17     0.948731
4964.47      0.94816
4964.77     0.947628
4965.06     0.947134
4965.36     0.946699
4965.66     0.946322
4965.96      0.94598
4966.25      0.94567
4966.55     0.945414
4966.85     0.945204
4967.15     0.945018
4967.44     0.944855
4967.74     0.944729
4968.04     0.944634
4968.34     0.944553
4968.63     0.944482
4968.93      0.94443
4969.23     0.944396
4969.53     0.944363
4969.82     0.944322
   4970     0.944285
4970.12     0.943958
4970.42     0.943373
4970.72     0.942705
4971.02     0.942028
4971.31     0.941344
4971.61     0.940658
4971.91     0.939967
4972.21     0.939266
 4972.5     0.938555
 4972.8     0.937838
 4973.1     0.937114
 4973.4      0.93638
4973.69     0.935636
4973.99     0.934886
4974.29     0.934128
4974.58     0.933361
4974.88     0.932589
4975.18     0.931811
4975.48     0.931027
4975.78     0.930237
4976.07     0.929442
4976.37     0.928751
4976.48     0.928301
4976.67     0.927882
4976.78     0.927492
4976.97     0.927072
4977.08     0.926678
4977.26     0.926259
4977.38     0.925861
4977.56     0.925442
4977.68     0.925043
4977.86     0.924623
4977.98     0.924221
4978.16     0.923802
4978.28     0.923399
4978.45     0.922979
4978.58     0.922574
4978.75     0.922154
4978.88     0.921747
4979.05     0.921329
4979.18      0.92092
4979.35     0.920502
4979.48     0.920091
4979.64     0.919675
4979.78     0.919263
4979.94     0.918846
4980.08     0.918432
4980.24     0.918017
4980.39     0.917602
4980.54     0.917186
4980.69      0.91677
4980.83     0.916356
4980.99     0.915939
4981.13     0.915525
4981.29     0.915107
4981.43     0.914695
4981.59     0.914276
4981.73     0.913863
4981.89     0.913443
4982.02     0.913032
4982.19     0.912611
4982.32     0.912201
4982.49     0.911779
4982.62      0.91137
4982.79     0.910946
4982.92     0.910539
4983.09     0.910114
4983.21     0.909708
4983.39     0.909281
4983.51     0.908877
4983.69     0.908449
4983.81     0.908045
4983.99     0.907617
4984.11     0.907214
4984.29     0.906785
 4984.4     0.906383
4984.59     0.905953
 4984.7     0.905551
4984.89      0.90512
   4985      0.90472
4985.19     0.904288
 4985.3     0.903888
4985.49     0.903455
4985.59     0.903057
4985.79     0.902623
4985.89     0.902226
4986.09      0.90179
4986.19     0.901394
4986.39     0.900957
4986.49     0.900561
4986.69     0.900124
4986.78     0.899729
4986.99      0.89929
4987.08     0.898897
4987.29     0.898457
4987.38     0.898065
4987.59     0.897624
4987.68      0.89723
 4987.9     0.896788
4987.97     0.896398
 4988.2     0.895818
 4988.5     0.895026
 4988.8     0.894189
 4989.1     0.893351
 4989.4     0.892513
 4989.7     0.891676
   4990     0.890862
 4990.3     0.890195
 4990.6     0.889554
 4990.9     0.888914
 4991.2     0.888279
 4991.5     0.887648
 4991.8     0.887022
 4992.1     0.886404
 4992.4     0.885795
 4992.7     0.885196
   4993     0.884609
 4993.3     0.884038
 4993.6     0.883484
 4993.9      0.88295
 4994.2      0.88244
 4994.5     0.881956
 4994.8     0.881503
 4995.1     0.881073
4995.41     0.880669
4995.71     0.880313
4996.01      0.88001
4996.31     0.879755
4996.61     0.879552
4996.91     0.879403
4997.21     0.879311
4997.51     0.879277
4997.81     0.879303
4998.11     0.879392
4998.41     0.879544
4998.71     0.879755
4999.01     0.880023
4999.31     0.880346
4999.61     0.880722
4999.91     0.881145
5000.21     0.881604
5000.51     0.882092
5000.81     0.882603
5001.11     0.883125
5001.41     0.883648
5001.71     0.884155
5002.01     0.884635
5002.31     0.885074
5002.61     0.885424
5002.92     0.885675
5003.22     0.885876
5003.52     0.886012
5003.82     0.886039
5004.12     0.885945
5004.42     0.885719
5004.72     0.885348
5005.02     0.884825
5005.32     0.884145
5005.62     0.883305
5005.92     0.882302
5006.22     0.881133
5006.52     0.879813
5006.82     0.878331
5007.12     0.876705
5007.42     0.874941
5007.72     0.873052
5008.02     0.871053
5008.32     0.868956
5008.62     0.866778
5008.92     0.864535
5009.22     0.862249
5009.52     0.859937
5009.82      0.85786
   5010     0.856426
5010.12     0.855756
5010.42     0.854972
5010.73     0.854152
5011.03     0.853368
5011.33     0.852627
5011.63     0.851968
5011.93     0.851403
5012.23     0.850942
5012.53     0.850594
5012.83      0.85036
5013.13     0.850243
5013.43     0.850243
5013.73     0.850363
5014.03     0.850601
5014.33     0.850951
5014.63     0.851406
5014.93     0.851961
5015.23     0.852612
5015.53      0.85335
5015.83     0.854166
5016.13      0.85505
5016.43     0.855993
5016.73     0.856989
5017.03     0.858028
5017.33       0.8591
5017.63     0.860199
5017.93     0.861317
5018.23     0.862462
5018.54     0.863625
5018.84      0.86477
5019.14     0.865896
5019.44     0.867013
5019.74     0.868118
5020.04     0.869208
5020.34     0.870281
5020.64     0.871335
5020.94     0.872367
5021.24      0.87338
5021.54      0.87437
5021.84     0.875339
5022.14     0.876287
5022.44     0.877215
5022.74     0.878123
5023.04     0.879013
5023.34     0.879885
5023.64     0.880741
5023.94     0.881581
5024.24     0.882408
5024.54     0.883221
5024.84     0.884022
5025.14     0.884814
5025.44     0.885596
5025.74      0.88637
5026.04     0.887136
5026.35     0.887895
5026.65      0.88865
5026.95     0.889398
5027.25     0.890141
5027.55     0.890881
5027.85     0.891618
5028.15     0.892351
5028.45     0.893083
5028.75     0.893813
5029.05     0.894539
5029.35     0.895265
5029.65      0.89599
5029.95     0.896541
   5030     0.896837
5030.25     0.896785
5030.55     0.896724
5030.85     0.896662
5031.15       0.8966
5031.45     0.896538
5031.75     0.896476
5032.05     0.896413
5032.35     0.896351
5032.65     0.896289
5032.95     0.896225
5033.25     0.896163
5033.55     0.896099
5033.85     0.896036
5034.16     0.895973
5034.46      0.89591
5034.76     0.895847
5035.06     0.895784
5035.36     0.895721
5035.66     0.895658
5035.96     0.895594
5036.26     0.896019
   5050     0.898571
   5070     0.917024
   5090     0.891718
   5110     0.898448
   5130      0.87712
   5150     0.844549
   5170     0.803024
   5190     0.823293
   5210       0.8782
   5230     0.935835
   5250     0.958904
   5270     0.903016
   5290     0.981316
   5310      1.02201
   5330     0.956472
   5350      1.00004
   5370      1.00292
   5390     0.987253
   5410     0.976828
   5430     0.988026
   5450      1.00589
   5470     0.998767
   5490      1.00347
   5510     0.999254
   5530      1.02368
   5550      1.03462
   5570      1.01861
   5590       1.0046
   5610      1.02492
   5630       1.0285
   5650      1.03617
   5670      1.02446
   5690      1.03893
   5710      1.02781
   5730      1.07533
   5750      1.06168
   5770      1.05999
   5790      1.03995
   5810      1.06643
   5830      1.08712
   5850      1.06888
   5870      1.05373
   5890     0.996297
   5910      1.04415
   5930      1.05788
   5950      1.06115
   5970      1.07169
   5990      1.06219
   6010      1.05463
   6030      1.07294
   6050      1.08891
   6070      1.08481
   6090      1.06218
   6110      1.05556
   6130      1.02214
   6150      1.02869
   6170      1.00271
   6190       1.0354
   6210      1.03295
   6230      1.00867
   6250       0.9909
   6270      1.01951
   6290      1.03368
   6310      1.01898
   6330      1.02682
   6350      1.03192
   6370      1.03175
   6390      1.03976
   6410       1.0295
   6430      1.03402
   6450      1.03132
   6470      1.02694
   6490      1.01805
   6510      1.03808
6523.64      1.04241
6524.04      1.04359
6524.43       1.0436
6524.82      1.04361
6525.22      1.04363
6525.61      1.04364
   6526      1.04365
 6526.4      1.04367
6526.79      1.04368
6527.19      1.04369
6527.58       1.0437
6527.97      1.04372
6528.37      1.04373
6528.76      1.04374
6529.15      1.04376
6529.55      1.04377
6529.94      1.04375
   6530      1.04369
6530.34      1.04323
6530.73      1.04262
6531.12        1.042
6531.52      1.04137
6531.91      1.04075
 6532.3      1.04013
 6532.7      1.03951
6533.09      1.03888
6533.49      1.03826
6533.88      1.03764
6534.27      1.03702
6534.67      1.03642
6535.06      1.03581
6535.46      1.03521
6535.85      1.03461
6536.24      1.03401
6536.64      1.03344
6537.03      1.03287
6537.42       1.0323
6537.82      1.03176
6538.21      1.03123
 6538.6      1.03072
   6539      1.03023
6539.39      1.02976
6539.79      1.02933
6540.18      1.02893
6540.57      1.02857
6540.97      1.02824
6541.36      1.02796
6541.76      1.02773
6542.15      1.02756
6542.54      1.02745
6542.94      1.02738
6543.33       1.0274
6543.72      1.02747
6544.12       1.0276
6544.51       1.0278
6544.91      1.02805
 6545.3      1.02836
6545.69      1.02874
6546.09      1.02911
6546.48      1.02953
6546.87      1.02995
6547.27      1.03031
6547.66      1.03061
6548.06      1.03081
6548.45      1.03096
6548.84      1.03096
6549.24      1.03066
6549.63      1.03017
   6550      1.02968
6550.02      1.02905
6550.42      1.02751
6550.81      1.02517
6551.21      1.02238
 6551.6      1.01921
6551.99       1.0155
6552.39      1.01103
6552.78       1.0061
6553.17      1.00052
6553.57     0.994047
6553.96     0.986873
6554.36     0.979008
6554.75     0.970744
6555.14     0.961849
6555.54     0.952099
6555.93     0.941841
6556.33     0.931141
6556.72     0.920396
6557.11     0.909431
6557.51     0.898065
 6557.9     0.887006
6558.29     0.876108
6558.69     0.865259
6559.08     0.854894
6559.48     0.845139
6559.87     0.836368
6560.26     0.828471
6560.66     0.821394
6561.05     0.815574
6561.44     0.810954
6561.84     0.807498
6562.23     0.805398
6562.63     0.804687
6563.02     0.805342
6563.41      0.80731
6563.81     0.810608
 6564.2      0.81505
6564.59     0.820604
6564.99      0.82731
6565.38     0.834947
6565.78     0.843356
6566.17     0.852173
6566.56     0.861426
6566.96     0.871217
6567.35     0.881173
6567.75      0.89112
6568.14     0.900636
6568.53     0.909846
6568.93     0.918913
6569.32     0.927159
6569.71     0.934212
   6570     0.939403
6570.11     0.944686
 6570.5     0.952204
 6570.9     0.960794
6571.29     0.968296
6571.68     0.974958
6572.08      0.98105
6572.47     0.986101
6572.86     0.990387
6573.26     0.994157
6573.65     0.997234
6574.05     0.999671
6574.44      1.00139
6574.83      1.00263
6575.23      1.00357
6575.62      1.00405
6576.01      1.00423
6576.41      1.00428
 6576.8      1.00414
 6577.2      1.00386
6577.59      1.00345
6577.98      1.00301
6578.38      1.00263
6578.77      1.00224
6579.16       1.0019
6579.56      1.00169
6579.95      1.00156
6580.35      1.00154
6580.74      1.00161
6581.13      1.00181
6581.53      1.00214
6581.92      1.00257
6582.31      1.00313
6582.71       1.0038
 6583.1      1.00458
 6583.5      1.00546
6583.89      1.00643
6584.28      1.00748
6584.68       1.0086
6585.07      1.00979
6585.46      1.01105
6585.86      1.01236
6586.25      1.01371
6586.65      1.01511
6587.04      1.01654
6587.43      1.01801
6587.83       1.0195
6588.22      1.02101
6588.62      1.02254
6589.01      1.02409
 6589.4      1.02565
 6589.8      1.02701
   6590      1.02794
6590.19      1.02818
6590.58      1.02835
6590.98      1.02858
6591.37       1.0288
6591.77      1.02904
6592.16      1.02927
6592.55       1.0295
6592.95      1.02975
6593.34      1.02999
6593.73      1.03023
6594.13      1.03047
6594.52      1.03072
6594.92      1.03096
6595.31      1.03121
 6595.7      1.03145
 6596.1       1.0317
6596.49      1.03194
6596.88      1.03219
6597.28      1.03244
6597.67      1.03268
6598.07      1.03293
6598.46      1.03317
6598.85      1.03342
6599.25      1.03367
6599.64      1.03391
6600.04      1.03416
6600.43       1.0344
6600.82      1.03465
6601.22       1.0349
6601.61      1.03514
   6602      1.03717
   6610      1.03989
   6630      1.03519
   6650      1.03195
   6670      1.01882
   6690      1.02174
   6710      1.00183
   6730      1.01233
   6750      1.00523
   6770       1.0063
   6790      1.00116
   6810      1.00467
   6830      1.01089
   6850     0.998567
   6870      1.00801
   6890      1.01937
   6910       1.0198
   6930      1.01627
   6950      1.01765
   6970      1.02654
   6990      1.02491
   7010      1.01884
   7030      1.03104
   7050      1.03262
   7070      1.00984
   7090     0.984911
   7110      0.96589
   7130     0.951207
   7150     0.948854
   7170     0.954425
   7190     0.944119
   7210     0.957762
   7230     0.975353
   7250     0.983348
   7270     0.988097
   7290      0.98484
   7310        1.002
   7330      1.00916
   7350      1.02068
   7370      1.03708
   7390      1.02879
   7410      1.02979
   7430      1.04739
   7450      1.05294
   7470      1.06466
   7490       1.0672
   7510      1.07589
   7530      1.08881
   7550      1.09573
   7570      1.09199
   7590      1.07535
   7610      1.05714
   7630      1.03664
   7650      1.01423
   7670     0.984779
   7690     0.992547
   7710     0.983754
   7730     0.983767
   7750     0.981569
   7770     0.990265
   7790      0.99646
   7810     0.997023
   7830     0.991295
   7850     0.985853
   7870     0.994422
   7890     0.987294
   7910     0.973625
   7930     0.973916
   7950     0.974492
   7970       0.9938
   7990     0.999826
   8010      1.00834
   8030      1.01278
   8050      1.01549
   8070      1.02482
   8090      1.02345
   8110      1.03347
   8130      1.05431
   8150      1.06667
   8170      1.07077
   8190      1.05165
   8210      1.03886
   8230       1.0399
   8250      1.04068
   8270      1.04554
   8290      1.03682
   8310      1.01526
   8330      1.00686
   8350      1.00762
   8370      1.00721
   8390     0.990847
   8410      1.00246
   8430     0.975352
   8450     0.957395
   8470     0.955591
   8490     0.960255
   8510     0.938096
   8530     0.957703
   8550     0.928393
   8570     0.981171
   8590     0.981132
   8610     0.988154
   8630       1.0085
   8650      1.00283
   8670     0.950458
   8690     0.993493
   8710      1.02454
   8730      1.02817
   8750      1.01481
   8770       1.0352
   8790      1.04863
   8810      1.04029
   8830      1.04274
   8850      1.03014
   8870     0.999701
   8890      1.01688
   8910      1.02785
   8930      1.01998
   8950      1.01995
   8970      1.02245
   8990      1.01708
   9010     0.990983
   9030      1.01876
   9050      1.04908
   9070      1.05309
   9090      1.04323
   9110      1.05202
   9130      1.06274
   9150      1.06039
   9170      1.05998
   9190      1.06067
   9210      1.03009
   9230     0.999012
   9250      1.00606
   9270      1.01451
   9290      1.00948
   9310       1.0128
   9330      1.01463
   9350      1.01019
   9370      1.00182
   9390      1.00969
   9410      1.00269
   9430      1.01412
   9450      1.01036
   9470      1.02204
   9490      1.02262
   9510      1.01146
   9530      1.00533
   9550     0.986268
   9570      1.00386
   9590      1.01941
   9610        1.015
   9630      1.01583
   9650      1.00553
   9670      1.00578
   9690      1.01339
   9710      1.00477
   9730     0.997009
   9750      0.99471
   9770     0.995569
   9790     0.990014
   9810      1.00149
   9830     0.998873
   9850      1.00084
   9870     0.997003
   9890     0.994976
   9910     0.991629
   9930     0.993861
   9950     0.995171
   9970     0.994903
   9990      0.99211
  10025      0.98412
  10075     0.975278
  10125     0.983755
  10175     0.979287
  10225     0.979026
  10275     0.978345
  10325     0.969405
  10375     0.964241
  10425     0.963854
  10475     0.955447
  10525     0.948477
  10575      0.93706
  10625     0.929344
  10675     0.922048
  10725     0.922429
  10775     0.916366
  10825     0.906778
  10875     0.901596
  10925     0.891939
  10975     0.888944
  11025     0.887338
  11075      0.88041
  11125     0.875904
  11175     0.870784
  11225     0.868429
  11275     0.860987
  11325     0.857723
  11375     0.852249
  11425     0.846479
  11475     0.849775
  11525     0.847315
  11575     0.839447
  11625     0.830267
  11675     0.828475
  11725     0.827956
  11775     0.816972
  11825     0.809422
  11875      0.80185
  11925     0.804241
  11975     0.791212
  12025     0.795192
  12075     0.791776
  12125     0.790858
  12175     0.790208
  12225      0.78607
  12275      0.78098
  12325     0.776707
  12375     0.773157
  12425     0.766823
  12475     0.763304
  12525     0.758066
  12575     0.754875
  12625     0.750776
  12675     0.746122
  12725     0.744334
  12775     0.738784
  12825     0.720501
  12875     0.728742
  12925     0.727163
  12975     0.728495
  13025     0.723789
  13075     0.721556
  13125     0.712597
  13175     0.709086
  13225     0.707091
  13275     0.699718
  13325     0.697543
  13375     0.693191
  13425     0.692268
  13475     0.688193
  13525     0.683476
  13575     0.676603
  13625     0.673496
  13675     0.674531
  13725     0.674973
  13775     0.673565
  13825     0.672373
  13875     0.665761
  13925     0.650379
  13975     0.644912
  14025     0.640754
  14075     0.641715
  14125     0.638179
  14175     0.639372
  14225     0.634578
  14275     0.629558
  14325     0.634464
  14375     0.635703
  14425     0.628438
  14475     0.632295
  14525     0.629585
  14570     0.629518
  14620     0.622903
  14675     0.619122
  14725     0.615513
  14775     0.616936
  14825     0.617546
  14875     0.614813
  14925     0.621305
  14975     0.618481
  15025     0.612469
  15075     0.613059
  15125     0.619349
  15175     0.620952
  15225     0.621158
  15275     0.621871
  15325      0.62083
  15375     0.620222
  15425     0.617183
  15475     0.617897
  15525     0.613349
  15575     0.602977
  15625     0.606192
  15675     0.605133
  15725      0.60608
  15775     0.590573
  15825     0.588618
  15875     0.585716
  15925     0.596825
  15975     0.593802
  16050     0.595558
  16150     0.595327
  16250     0.590695
  16350     0.592194
  16450     0.579657
  16550      0.58276
  16650     0.574873
  16750     0.566773
  16850     0.557683
  16950     0.556848
  17050     0.548118
  17150     0.539814
  17250     0.528821
  17350     0.514771
  17450     0.509558
  17550     0.502089
  17650     0.492972
  17750     0.482928
  17850     0.474908
  17950     0.465234
  18050     0.455048
  18150     0.444987
  18250     0.440875
  18350     0.435789
  18450     0.428119
  18550     0.422612
  18650      0.41369
  18750     0.403522
  18850     0.402286
  18950     0.394275
  19050     0.393166
  19150     0.387992
  19250     0.382435
  19350     0.374083
  19450     0.365097
  19550      0.36376
  19650      0.35903
  19750     0.352406
  19850     0.348166
  19950     0.344443
  20050     0.341764
  20150     0.337593
  20250      0.33188
  20350     0.328284
  20450      0.32618
  20550     0.322151
  20650     0.318171
  20750     0.314987
  20850     0.311141
  20950     0.307012
  21050     0.304902
  21150     0.300935
  21250     0.297561
  21350     0.295199
  21450     0.291742
  21550     0.287497
  21650     0.281699
  21750     0.279657
  21850     0.277188
  21950     0.273953
  22050     0.269402
  22150     0.267461
  22250     0.263123
  22350     0.260015
  22450     0.257043
  22550     0.254033
  22650     0.250225
  22750     0.247993
  22850     0.241073
  22950      0.22115
  23050     0.224365
  23150     0.221492
  23250     0.205311
  23350     0.208962
  23450     0.204134
  23550     0.192194
  23650     0.196716
  23750     0.192517
  23850     0.182782
  23950     0.186066
  24050     0.183677
  24150     0.175256
  24250     0.176836
  24350     0.174339
  24450     0.168378
  24550     0.166225
  24650     0.166195
  24750     0.161329
  24850       0.1539
  24950      0.15239
  25050     0.152681
  25150     0.147517
  25250     0.147924
  25350     0.147824
  25450     0.145756
  25550     0.144552
  25650     0.144043
  25750     0.144142
  25850     0.141231
  25950     0.141111
  26050     0.140849
  26150     0.138483
  26250     0.136511
  26350     0.136981
  26450      0.13619
  26550     0.134676
  26650     0.132836
  26750     0.132867
  26850     0.132143
  26950     0.130249
  27050     0.129801
  27150     0.128844
  27250     0.128036
  27350     0.126297
  27450     0.125548
  27550     0.124321
  27650     0.123217
  27750     0.121994
  27850     0.121554
  27950      0.12091
  28050     0.119627
  28150     0.118338
  28250     0.117607
  28350     0.116744
  28450     0.115595
  28550     0.114292
  28650     0.112943
  28750     0.111246
  28850     0.110398
  28950     0.109382
  29050     0.108291
  29150     0.107094
  29250     0.105526
  29350     0.104747
  29450     0.103461
  29550      0.10243
  29650     0.101452
  29750      0.10027
  29850    0.0991434
  29950    0.0980629
  30050    0.0969884
  30150    0.0961622
  30250    0.0948945
  30350    0.0934721
  30450    0.0930129
  30550    0.0921681
  30650     0.091332
  30750    0.0904795
  30850    0.0894545
  30950    0.0887652
  31050    0.0879865
  31150    0.0868116
  31250    0.0861636
  31350    0.0853213
  31450    0.0844952
  31550    0.0836381
  31650    0.0827261
  31750    0.0819857
  31850    0.0812229
  31950    0.0804595
  32100    0.0792473
  32300    0.0777353
  32500    0.0762208
  32700    0.0746117
  32900    0.0728634
  33100    0.0715979
  33300    0.0702707
  33500    0.0689453
  33700    0.0675356
  33900    0.0661587
  34100    0.0648041
  34300    0.0636075
  34500    0.0623818
  34700    0.0611133
  34900    0.0598987
  35100    0.0587182
  35300    0.0574884
  35500    0.0563676
  35700    0.0552157
  35900     0.054134
  36100    0.0531573
  36300    0.0521021
  36500    0.0510141
  36700    0.0499932
  36900    0.0489078
  37100    0.0479519
  37300    0.0470102
  37500    0.0459399
  37700    0.0452188
  37900    0.0443639
  38100    0.0435555
  38300    0.0427774
  38500     0.041987
  38700    0.0411084
  38900    0.0403355
  39100    0.0395467
  39300    0.0388495
  39500    0.0380384
  39700    0.0373252
  39900    0.0365464
  40100    0.0359142
  40300    0.0352563
  40500    0.0344982
  40700    0.0339739
  40900    0.0333841
  41100    0.0328072
  41300    0.0322162
  41500     0.031605
  41700    0.0309818
  41900    0.0304845
  42100     0.029928
  42300    0.0294702
  42500    0.0289345
  42700    0.0283524
  42900    0.0271468
  43100    0.0260269
  43300    0.0256654
  43500    0.0247021
  43700    0.0240016
  43900    0.0234737
  44100     0.022669
  44300    0.0222524
  44500    0.0218071
  44700    0.0211981
  44900    0.0209849
  45100    0.0205256
  45300    0.0200434
  45500    0.0198644
  45700    0.0195857
  45900    0.0190694
  46100    0.0189459
  46300    0.0186355
  46500    0.0183328
  46700    0.0181754
  46900    0.0179086
  47100    0.0176242
  47300      0.01751
  47500    0.0171866
  47700    0.0169553
  47900    0.0167377
  48100    0.0164267
  48300    0.0163415
  48500    0.0160679
  48700    0.0157728
  48900    0.0155475
  49100    0.0153385
  49300    0.0151107
  49500    0.0148696
  49700    0.0147222
  49900    0.0144969
  50100    0.0143179
  50300    0.0141147
  50500    0.0138619
  50700    0.0137079
  50900    0.0135281
  51100     0.013307
  51300    0.0131396
  51500    0.0129741
  51700    0.0128682
  51900    0.0126678
  52100    0.0125026
  52300     0.012313
  52500    0.0121918
  52700    0.0120839
  52900    0.0118484
  53100    0.0116806
  53300    0.0115589
  53500    0.0114153
  53700    0.0112793
  53900    0.0111417
  54100    0.0109954
  54300    0.0108237
  54500    0.0107282
  54700    0.0105737
  54900    0.0104469
  55100    0.0103235
  55300    0.0102699
  55500    0.0100724
  55700   0.00999197
  55900   0.00985223
  56100   0.00974707
  56300   0.00959876
  56500   0.00951652
  56700   0.00939804
  56900    0.0092544
  57100   0.00918164
  57300   0.00907332
  57500   0.00896078
  57700   0.00884851
  57900   0.00876359
  58100   0.00864222
  58300   0.00854171
  58500   0.00844106
  58700   0.00832105
  58900   0.00822039
  59100   0.00811408
  59300   0.00803806
  59500   0.00793888
  59700   0.00785937
  59900   0.00776833
  60100   0.00767629
  60300   0.00758222
  60500   0.00747833
  60700   0.00739018
  60900   0.00730184
  61100   0.00721067
  61300   0.00713506
  61500   0.00705829
  61700   0.00698414
  61900   0.00690213
  62100   0.00682446
  62300   0.00673599
  62500   0.00664798
  62700   0.00657108
  62900   0.00649788
  63100   0.00642278
  63300   0.00635794
  63500   0.00628125
  63700   0.00621684
  63900    0.0061325
  64200   0.00602943
  64600   0.00589362
  65000   0.00576076
  65400   0.00563038
  65800   0.00550685
  66200   0.00538146
  66600    0.0052618
  67000   0.00514598
  67400   0.00502998
  67800   0.00491891
  68200   0.00481061
  68600   0.00470677
  69000    0.0046034
  69400   0.00450348
  69800   0.00440639
  70200   0.00431072
  70600   0.00421953
  71000   0.00412931
  71400   0.00404202
  71800   0.00395625
  72200   0.00387348
  72600   0.00379189
  73000   0.00371294
  73400   0.00363548
  73800   0.00356069
  74200   0.00348508
  74600    0.0034083
  75000   0.00333965
  75400   0.00327654
  75800   0.00321288
  76200   0.00314875
  76600   0.00308591
  77000   0.00302435
  77400   0.00296477
  77800    0.0029066
  78200   0.00284938
  78600     0.002794
  79000   0.00273978
  79400   0.00268685
  79800   0.00263516
  80200   0.00258413
  80600    0.0025348
  81000   0.00248728
  81400   0.00244017
  81800   0.00239475
  82200   0.00235004
  82600   0.00230621
  83000   0.00226346
  83400   0.00222146
  83800   0.00218065
  84200    0.0021412
  84600    0.0021021
  85000   0.00206404
  85400   0.00202686
  85800   0.00199058
  86200   0.00195523
  86600   0.00192048
  87000   0.00188643
  87400   0.00185322
  87800    0.0018206
  88200   0.00178857
  88600   0.00175744
  89000   0.00172698
  89400   0.00169735
  89800   0.00166783
  90200   0.00163969
  90600   0.00161182
  91000   0.00158397
  91400   0.00155754
  91800    0.0015316
  92200   0.00150618
  92600   0.00148108
  93000   0.00145644
  93400   0.00143225
  93800   0.00140872
  94200   0.00138561
  94600    0.0013629
  95000   0.00134077
  95400   0.00131919
  95800   0.00129792
  96200     0.001277
  96600   0.00125665
  97000   0.00123658
  97400   0.00121653
  97800   0.00119753
  98200   0.00117887
  98600   0.00116044
  99000    0.0011424
  99400   0.00112451
  99800   0.00110707
 100200  0.000890484
 200000  8.02242e-05
 400000   6.0129e-06
 600000  1.02055e-06
 800000  3.11961e-07
  1e+06  1.26967e-07
1.2e+06  6.16156e-08
1.4e+06  3.37214e-08
1.6e+06  2.13072e-08
