     91   0.00166136
     94   0.00164337
     96   0.00166443
     98   0.00167453
    100   0.00168535
    102   0.00169686
    104   0.00170905
    106   0.00172194
    108   0.00173555
    110   0.00176972
    114   0.00178017
    118   0.00180123
    121   0.00184413
    125   0.00184781
    127   0.00187327
    128   0.00191029
    131   0.00189763
    132   0.00193477
    134   0.00195688
    137   0.00198564
    140   0.00202566
    143   0.00207738
    147   0.00212263
    151   0.00217958
    155   0.00223813
    159   0.00228738
    162   0.00236164
    166    0.0024254
    170   0.00249114
    173   0.00257625
    177   0.00263355
    180   0.00269646
    182   0.00277947
    186    0.0028552
    191   0.00292456
    194   0.00302819
    198   0.00310284
    202    0.0031792
    205   0.00329021
    210   0.00339643
    216   0.00350107
    220   0.00361533
    223   0.00372309
    227     0.008853
    230    0.0449475
    234    0.0485505
    240    0.0466218
    246    0.0448756
    252    0.0432579
    257    0.0419995
    260    0.0412654
    264    0.0403554
    269    0.0390837
    274    0.0378339
    279    0.0365328
    284    0.0355895
    290    0.0343836
    296    0.0330778
    301    0.0320531
    308    0.0308299
    318    0.0290429
    328    0.0273139
    338    0.0256489
    348    0.0241817
    357    0.0233375
    366    0.0228012
    375    0.0217786
    385    0.0204991
    395    0.0200999
    405    0.0196473
    414    0.0188395
    422    0.0179368
    430    0.0172271
    441     0.016669
    451    0.0159966
    460    0.0151423
    470    0.0145293
    480    0.0140952
    490    0.0133509
    500    0.0131057
    506    0.0127504
    512    0.0132617
    520    0.0128181
    530    0.0120822
    540    0.0111963
    550    0.0107381
    560    0.0108956
    570     0.010836
    580    0.0104732
    590    0.0100885
    600   0.00941027
    610   0.00902227
    620   0.00914281
    630   0.00881985
    640   0.00873067
    650   0.00839047
    658    0.0080463
    665   0.00811004
    675   0.00794402
    685   0.00749213
    695   0.00742371
    705   0.00696289
    716   0.00709091
    726   0.00699258
    735   0.00682215
    745   0.00657107
    755   0.00633434
    765   0.00600603
    775   0.00597439
    785   0.00571019
    795   0.00567358
    805   0.00560706
    815   0.00549101
    825   0.00532456
    835   0.00493335
    845   0.00503804
    855   0.00494336
    865   0.00488101
    875   0.00478935
    885   0.00468572
    895   0.00458561
    905   0.00536692
    915    0.0110469
    925    0.0151585
    935    0.0187214
    945    0.0218005
    955    0.0235683
    965    0.0232374
    975     0.016707
    985    0.0198667
    995    0.0201381
   1005    0.0217188
   1015    0.0214873
   1025    0.0182883
   1035    0.0200379
   1045    0.0230176
   1055    0.0224134
   1065    0.0204211
   1075    0.0205224
   1085    0.0192725
   1095     0.020312
   1105    0.0197151
   1115     0.018919
   1125    0.0176858
   1135     0.018726
   1145    0.0182371
   1155    0.0178949
   1165    0.0170018
   1175    0.0142849
   1185    0.0158762
   1195    0.0147717
   1205    0.0133234
1208.72    0.0123684
 1208.8    0.0122634
1208.87    0.0122348
1208.94    0.0122047
1209.02    0.0121685
1209.09    0.0121347
1209.16    0.0121042
1209.23    0.0120668
1209.31    0.0120204
1209.38     0.011978
1209.45    0.0119327
1209.53    0.0118755
 1209.6    0.0118239
1209.67    0.0117689
1209.75    0.0116981
1209.82    0.0116353
1209.89    0.0115834
1209.96    0.0115136
1210.04    0.0114219
1210.11    0.0113428
1210.18    0.0112583
1210.26    0.0111453
1210.33    0.0110495
 1210.4    0.0109759
1210.47    0.0108705
1210.55    0.0107271
1210.62    0.0106089
1210.69    0.0104833
1210.77    0.0103104
1210.84    0.0101703
1210.91    0.0100222
1210.99   0.00981616
1211.06   0.00965321
1211.13   0.00954249
 1211.2   0.00936747
1211.28   0.00911816
1211.35   0.00892739
1211.42   0.00872767
 1211.5   0.00843933
1211.57   0.00822407
1211.64   0.00799979
1211.72   0.00767139
1211.79   0.00743265
1211.86   0.00729805
1211.93   0.00705298
1212.01    0.0066822
1212.08   0.00642475
1212.15   0.00616028
1212.23   0.00575258
 1212.3   0.00548037
1212.37   0.00536004
1212.44   0.00508996
1212.52   0.00465198
1212.59   0.00437661
1212.66   0.00410288
1212.74    0.0036446
1212.81   0.00337051
1212.88   0.00310165
1212.96   0.00263443
1213.03   0.00237379
 1213.1   0.00233568
1213.17   0.00209499
1213.25   0.00163739
1213.32   0.00141122
1213.39   0.00119876
1213.47  0.000759829
1213.54  0.000567787
1213.61  0.000392416
1213.69 -1.09345e-05
1213.76 -0.000154352
1213.83 -3.54541e-05
 1213.9 -0.000143725
1213.98 -0.000482677
1214.05  -0.00055685
1214.12 -0.000607665
 1214.2 -0.000882737
1214.27 -0.000894712
1214.34 -0.000645498
1214.41 -0.000615972
1214.49 -0.000798096
1214.56   -0.0007248
1214.63 -0.000627264
1214.71 -0.000720526
1214.78 -0.000583882
1214.85  -0.00042315
1214.93 -0.000397972
   1215 -0.000167805
1215.07  0.000217179
1215.14  0.000456343
1215.22  0.000596704
1215.29  0.000897566
1215.36   0.00121444
1215.44   0.00144255
1215.51   0.00179038
1215.58   0.00215238
1215.66   0.00246301
1215.73   0.00284623
 1215.8    0.0032621
1215.87   0.00364444
1215.95   0.00402819
1216.02   0.00442132
1216.09   0.00481739
1216.17   0.00525649
1216.24   0.00565625
1216.31   0.00597777
1216.38   0.00635756
1216.46   0.00682826
1216.53   0.00719762
 1216.6   0.00756347
1216.68   0.00805709
1216.75    0.0084077
1216.82   0.00874821
 1216.9   0.00924972
1216.97   0.00956975
1217.04   0.00968294
1217.11   0.00996797
1217.19    0.0104441
1217.26    0.0107018
1217.33    0.0109477
1217.41    0.0114031
1217.48    0.0116152
1217.55     0.011815
1217.63    0.0122424
 1217.7    0.0124118
1217.77    0.0123193
1217.84    0.0124592
1217.92    0.0128308
1217.99     0.012941
1218.06    0.0130396
1218.14    0.0133699
1218.21    0.0134388
1218.28    0.0132555
1218.35     0.013303
1218.43    0.0135774
 1218.5    0.0136039
1218.57     0.013624
1218.65    0.0138596
1218.72    0.0138584
1218.79    0.0138512
1218.87    0.0140468
1218.94    0.0140223
1219.01    0.0137972
1219.08    0.0137693
1219.16    0.0139228
1219.23    0.0138855
 1219.3    0.0138459
1219.38     0.013971
1219.45    0.0139233
1219.52    0.0138754
 1219.6    0.0139735
1219.67    0.0139203
1219.74    0.0137351
1219.81    0.0136888
1219.89    0.0137664
1219.96    0.0137212
1220.03    0.0136748
1220.11    0.0137338
1220.18    0.0136888
1220.25     0.013555
1220.32    0.0135195
 1220.4    0.0135694
1220.47    0.0135374
1220.54    0.0135059
1220.62    0.0135455
1220.69    0.0135182
1220.76    0.0134918
1220.84    0.0135238
1220.91    0.0135019
1220.98    0.0134345
1221.05    0.0134197
1221.13    0.0134494
 1221.2     0.013439
1221.27    0.0134298
1221.35    0.0134556
1221.42    0.0134501
1221.49    0.0134458
1221.57     0.013469
1221.64    0.0134681
1221.71    0.0134478
1221.78    0.0134518
1221.86    0.0134755
1221.93    0.0134819
   1222    0.0134891
1222.08    0.0135114
1222.15     0.013521
1222.22    0.0135209
1222.29    0.0135335
1222.37    0.0135564
1222.44    0.0135704
1222.51    0.0135851
1222.59    0.0136073
1222.66    0.0136232
1222.73    0.0136395
1222.81    0.0136615
1222.88    0.0136787
1222.95    0.0136928
1223.02    0.0137115
 1223.1    0.0137337
1223.17    0.0137529
1223.24    0.0141737
   1225     0.015203
   1235    0.0162256
   1245    0.0165888
   1255    0.0163767
   1265    0.0161626
   1275    0.0168579
   1285    0.0168344
   1295    0.0155666
   1305    0.0155036
   1315    0.0163759
   1325     0.015976
   1335    0.0153379
   1345    0.0158472
   1355     0.015575
   1365    0.0148694
   1375    0.0146978
   1385    0.0142997
   1395    0.0125622
   1405    0.0122867
   1415    0.0135102
   1425    0.0135134
   1435    0.0135987
   1442    0.0136988
   1447     0.013651
   1455    0.0133183
   1465    0.0128556
   1475      0.01278
   1485    0.0127819
   1495    0.0126201
   1505    0.0122128
   1512     0.011676
   1517    0.0117396
   1525    0.0115363
   1535    0.0107301
   1545    0.0102366
   1555    0.0101727
   1565     0.010563
   1575    0.0109716
   1585    0.0111918
   1595      0.01121
   1605    0.0109552
   1615    0.0108706
   1625    0.0107363
   1635    0.0109375
   1645    0.0110612
   1655    0.0107778
   1665    0.0111482
   1672    0.0107468
   1677    0.0119676
   1685    0.0121595
   1695    0.0118084
   1705    0.0117958
   1715     0.011988
   1725    0.0122126
   1735    0.0128235
   1745    0.0129319
   1755    0.0134655
   1765    0.0127153
   1775    0.0131219
   1785     0.013734
   1795    0.0149312
   1805    0.0153138
   1815    0.0150941
   1825    0.0149669
   1835     0.014711
   1845     0.013454
   1855    0.0145465
   1865    0.0159032
   1875    0.0160713
   1885    0.0161255
   1895    0.0168854
   1905      0.01689
   1915    0.0172043
   1925    0.0162289
   1935    0.0147077
   1945    0.0180649
   1955    0.0190856
   1967    0.0206367
   1976    0.0202889
   1984    0.0210317
   1995    0.0211671
   2005    0.0204807
   2015    0.0205507
   2025    0.0193381
   2035    0.0220216
   2045    0.0238231
   2055    0.0232075
   2065    0.0229986
   2074    0.0259267
   2078    0.0361323
   2085    0.0404633
   2095    0.0386705
   2105    0.0373626
   2115    0.0395355
   2125    0.0369159
   2135    0.0356366
   2145    0.0413295
   2155    0.0415779
   2165    0.0378984
   2175    0.0387317
   2185    0.0447261
   2195    0.0460788
   2205    0.0437852
   2215    0.0376676
   2225    0.0415181
   2235    0.0503208
   2245    0.0482696
   2255    0.0399101
   2265    0.0374635
   2275    0.0413204
   2285    0.0490051
   2295    0.0454904
   2305    0.0500035
   2315    0.0451703
   2325    0.0375734
   2335    0.0328225
   2345    0.0277142
   2355    0.0381307
   2365    0.0294647
   2375    0.0313816
   2385    0.0235995
   2395    0.0258049
   2405    0.0268646
   2415    0.0321812
   2425     0.046537
   2435    0.0498462
   2445    0.0564079
   2455     0.058717
   2465    0.0532956
   2475    0.0460041
   2485    0.0347851
   2495    0.0390896
   2505    0.0501613
   2513    0.0317475
   2518     0.023147
   2525    0.0258648
   2535    0.0351707
   2545    0.0416872
   2555     0.059228
   2565    0.0530553
   2575    0.0597507
   2585    0.0558776
   2595    0.0502968
   2605    0.0441997
   2615    0.0418928
   2625    0.0560597
   2635     0.086394
   2645     0.117779
   2655     0.143861
   2665     0.110895
   2675     0.116895
   2685     0.126357
   2695     0.105847
   2705     0.113319
   2715    0.0907993
   2725    0.0785736
   2735    0.0848731
   2745    0.0599661
   2755    0.0709164
   2765    0.0893949
   2775    0.0923459
   2785    0.0614761
   2795    0.0320232
   2805    0.0392806
   2815    0.0858681
   2825     0.119676
   2835     0.116419
   2845     0.090276
   2855    0.0681688
   2865      0.11717
   2875     0.148858
   2885     0.145727
   2895     0.172172
   2910     0.210444
   2930     0.195027
   2950     0.183406
   2970      0.18893
   2990     0.192646
   3010     0.196692
   3030      0.20581
   3050     0.216026
   3070     0.227429
   3090     0.229661
   3110      0.24881
   3130     0.240386
   3150     0.240179
   3170     0.252399
   3190      0.23418
   3210     0.243972
   3230     0.229116
   3250     0.287956
   3270      0.33084
   3290     0.329467
   3310     0.316682
   3330     0.319069
   3350     0.303847
   3370     0.253877
   3390     0.269492
   3410     0.280043
   3430     0.293526
   3450      0.30588
   3470      0.31897
   3490     0.348239
   3510     0.364416
   3530     0.347989
   3550     0.368466
   3570     0.293739
   3590     0.288456
   3610     0.335781
   3630      0.35537
   3640     0.375399
   3650     0.416628
   3670     0.428433
   3690     0.393711
3704.66     0.371403
3704.88     0.364581
3705.11     0.364159
3705.33     0.363752
3705.55     0.363352
3705.78     0.362952
   3706     0.362567
3706.22     0.362193
3706.45      0.36182
3706.67     0.361465
3706.89     0.361119
3707.12     0.360778
3707.34     0.360456
3707.56     0.360146
3707.79     0.359841
3708.01      0.35955
3708.24     0.359273
3708.46     0.359016
3708.68     0.358774
3708.91      0.35854
3709.13     0.358328
3709.35     0.358132
3709.58     0.357946
 3709.8     0.357783
   3710     0.357662
3710.02     0.357081
3710.25     0.355721
3710.47     0.354002
 3710.7     0.352303
3710.92     0.350626
3711.14      0.34897
3711.37     0.347329
3711.59     0.345712
3711.81     0.344115
3712.04     0.342535
3712.26     0.340979
3712.48     0.339444
3712.71      0.33793
3712.93     0.336436
3713.16     0.334966
3713.38     0.333519
 3713.6     0.332095
3713.83     0.330694
3714.05     0.329316
3714.27     0.327963
 3714.5     0.326634
3714.72      0.32533
3714.94     0.324051
3715.17     0.322799
3715.39     0.321575
3715.62     0.320377
3715.84     0.319209
3716.06      0.31807
3716.29     0.316963
3716.51     0.315886
3716.73     0.314844
3716.96     0.313839
3717.18      0.31287
 3717.4      0.31194
3717.63     0.311055
3717.85     0.310214
3718.08      0.30942
 3718.3     0.308673
3718.52     0.307978
3718.75     0.307343
3718.97     0.306763
3719.19     0.306245
3719.42     0.305799
3719.64     0.305416
3719.86     0.305107
3720.09     0.304879
3720.31     0.304724
3720.53     0.304652
3720.76      0.30467
3720.98     0.304774
3721.21     0.304967
3721.43     0.305242
3721.65     0.305607
3721.88     0.306067
 3722.1     0.306607
3722.32     0.307232
3722.55     0.307947
3722.77      0.30873
3722.99     0.309585
3723.22     0.310513
3723.44     0.311496
3723.67      0.31253
3723.89     0.313592
3724.11     0.314683
3724.34     0.315795
3724.56     0.316902
3724.78     0.317997
3725.01     0.319075
3725.23     0.320106
3725.45     0.321082
3725.68     0.321997
 3725.9     0.322829
3726.13     0.323564
3726.35      0.32418
3726.57     0.324673
 3726.8     0.325039
3727.02     0.325254
3727.24     0.325315
3727.47     0.325222
3727.69     0.324957
3727.91     0.324521
3728.14     0.323921
3728.36     0.323149
3728.59     0.322207
3728.81     0.321089
3729.03     0.319809
3729.26     0.318383
3729.48     0.316803
 3729.7     0.315085
3729.93     0.313565
   3730     0.312656
3730.15     0.312451
3730.37     0.312161
 3730.6     0.311771
3730.82     0.311304
3731.05     0.310776
3731.27     0.310193
3731.49     0.309575
3731.72     0.308942
3731.94     0.308291
3732.16     0.307645
3732.39     0.307017
3732.61     0.306406
3732.83     0.305827
3733.06     0.305293
3733.28     0.304805
3733.51      0.30437
3733.73     0.303985
3733.95     0.303659
3734.18     0.303399
 3734.4     0.303198
3734.62     0.303059
3734.85     0.302989
3735.07     0.302975
3735.29     0.303021
3735.52      0.30313
3735.74     0.303286
3735.96     0.303495
3736.19     0.303756
3736.41      0.30406
3736.64     0.304403
3736.86     0.304778
3737.08     0.305185
3737.31     0.305623
3737.53      0.30608
3737.75     0.306557
3737.98     0.307053
 3738.2      0.30756
3738.42     0.308074
3738.65     0.308597
3738.87     0.309123
 3739.1     0.309649
3739.32     0.310171
3739.54     0.310689
3739.77     0.311201
3739.99     0.311703
3740.21     0.312195
3740.44     0.312674
3740.66     0.313142
3740.88     0.313592
3741.11     0.314028
3741.33     0.314446
3741.56     0.314845
3741.78     0.315226
   3742     0.315586
3742.23     0.315925
3742.45     0.316244
3742.67      0.31654
 3742.9     0.316811
3743.12     0.317061
3743.34     0.317287
3743.57     0.317484
3743.79     0.317657
3744.02     0.317803
3744.24     0.317927
3744.46     0.318022
3744.69     0.318087
3744.91     0.318128
3745.13      0.31814
3745.36     0.318119
3745.58     0.318072
 3745.8     0.317997
3746.03     0.317883
3746.25      0.31774
3746.48     0.317563
 3746.7     0.317361
3746.92     0.317127
3747.15     0.316852
3747.37     0.316551
3747.59     0.316217
3747.82      0.31584
3748.04     0.315437
3748.26     0.314998
3748.49     0.314514
3748.71     0.314005
3748.93     0.313459
3749.16     0.312455
   3750     0.294051
   3770     0.248294
   3790     0.386649
   3810     0.412274
   3830     0.304087
   3850     0.354389
   3870     0.370221
   3890     0.317085
   3910     0.451236
   3930       0.3065
   3950     0.389822
   3970     0.203176
   3990     0.576013
   4010     0.656655
   4030     0.656424
   4050     0.633354
   4070     0.610898
 4078.2     0.637229
4078.45     0.649604
 4078.7     0.650803
4078.94     0.651982
4079.19     0.653138
4079.43     0.654267
4079.68     0.655366
4079.93     0.656433
4080.17     0.657472
4080.42     0.658474
4080.66     0.659438
4080.91     0.660358
4081.16     0.661232
 4081.4     0.662063
4081.65     0.662838
 4081.9     0.663558
4082.14     0.664227
4082.39     0.664835
4082.63     0.665379
4082.88     0.665843
4083.13     0.666234
4083.37     0.666559
4083.62     0.666802
4083.86      0.66696
4084.11     0.667015
4084.36     0.666975
 4084.6      0.66685
4084.85     0.666607
 4085.1     0.666255
4085.34     0.665812
4085.59     0.665253
4085.83     0.664577
4086.08     0.663755
4086.33     0.662807
4086.57     0.661753
4086.82     0.660569
4087.06     0.659249
4087.31     0.657766
4087.56      0.65614
 4087.8     0.654406
4088.05     0.652497
 4088.3     0.650444
4088.54     0.648285
4088.79     0.645986
4089.03     0.643548
4089.28     0.640931
4089.53     0.638177
4089.77     0.635393
   4090     0.633203
4090.02     0.631055
4090.26     0.627133
4090.51     0.621891
4090.76     0.616537
   4091     0.611126
4091.25     0.605568
 4091.5     0.599922
4091.74     0.594248
4091.99     0.588505
4092.23     0.582706
4092.48     0.576807
4092.73     0.570873
4092.97     0.564973
4093.22      0.55901
4093.47     0.553055
4093.71     0.547174
4093.96     0.541331
 4094.2      0.53554
4094.45     0.529761
 4094.7     0.524067
4094.94     0.518524
4095.19     0.513097
4095.43     0.507799
4095.68       0.5026
4095.93     0.497565
4096.17     0.492755
4096.42     0.488094
4096.67     0.483642
4096.91     0.479451
4097.16     0.475493
 4097.4     0.471777
4097.65     0.468286
 4097.9     0.465066
4098.14      0.46215
4098.39     0.459517
4098.63     0.457174
4098.88     0.455109
4099.13      0.45335
4099.37     0.451912
4099.62     0.450772
4099.87     0.449946
4100.11     0.449432
4100.36     0.449224
 4100.6     0.449317
4100.85      0.44972
 4101.1     0.450422
4101.34     0.451403
4101.59     0.452665
4101.83     0.454202
4102.08     0.456027
4102.33     0.458113
4102.57     0.460421
4102.82     0.462995
4103.07     0.465798
4103.31     0.468777
4103.56     0.471956
 4103.8     0.475319
4104.05     0.478899
 4104.3     0.482643
4104.54     0.486487
4104.79     0.490463
4105.03     0.494557
4105.28     0.498806
4105.53     0.503148
4105.77     0.507516
4106.02     0.512001
4106.27     0.516536
4106.51     0.521055
4106.76     0.525597
   4107      0.53015
4107.25     0.534758
 4107.5     0.539353
4107.74     0.543869
4107.99     0.548351
4108.23     0.552786
4108.48     0.557219
4108.73     0.561587
4108.97     0.565829
4109.22     0.570038
4109.47     0.574156
4109.71     0.578129
4109.96     0.581205
   4110     0.583396
 4110.2     0.586423
4110.45      0.59052
 4110.7     0.594675
4110.94     0.598664
4111.19     0.602566
4111.44     0.606338
4111.68     0.609938
4111.93     0.613407
4112.17     0.616743
4112.42     0.619977
4112.67     0.623076
4112.91     0.626009
4113.16      0.62881
 4113.4     0.631481
4113.65     0.634049
 4113.9     0.636487
4114.14     0.638777
4114.39     0.640966
4114.64     0.643036
4114.88      0.64497
4115.13     0.646793
4115.37     0.648508
4115.62     0.650136
4115.87     0.651661
4116.11     0.653075
4116.36     0.654398
 4116.6     0.655633
4116.85     0.656796
 4117.1     0.657878
4117.34     0.658873
4117.59     0.659806
4117.84      0.66067
4118.08      0.66146
4118.33     0.662192
4118.57     0.662867
4118.82     0.663494
4119.07     0.664072
4119.31     0.664597
4119.56     0.665083
4119.81     0.665528
4120.05     0.665932
 4120.3     0.666301
4120.54     0.666636
4120.79     0.666946
4121.04     0.667228
4121.28     0.667482
4121.53     0.667712
4121.77      0.66792
4122.02     0.668111
4122.27     0.668284
4122.51     0.668439
4122.76      0.66858
4123.01     0.668707
4123.25      0.66882
 4123.5     0.668922
4123.74     0.669013
4123.99     0.669097
4124.24     0.669172
4124.48     0.669239
4124.73     0.669299
4124.97     0.669352
4125.22       0.6694
4125.47     0.669444
4125.71     0.669483
4125.96     0.669518
4126.21      0.66955
4126.45     0.669578
 4126.7     0.669603
4126.94     0.669626
4127.19     0.669897
   4130     0.669088
   4150     0.662433
   4170     0.665176
   4190     0.656008
   4210     0.654986
   4230     0.637459
   4250     0.655211
   4270      0.62757
   4290     0.583707
   4310     0.528486
4315.65     0.555644
4315.91     0.572711
4316.17     0.575418
4316.43     0.578124
4316.69      0.58083
4316.95     0.583534
4317.21     0.586238
4317.47     0.588942
4317.73     0.591645
4317.99     0.594347
4318.25     0.597048
4318.52     0.599749
4318.78      0.60245
4319.04     0.605149
 4319.3     0.607848
4319.56     0.610546
4319.82     0.613244
4320.08     0.615941
4320.34     0.618637
 4320.6     0.621333
4320.86     0.624028
4321.12     0.626722
4321.38     0.629416
4321.64     0.632109
 4321.9     0.634801
4322.16     0.637493
4322.42     0.640184
4322.68     0.642876
4322.94     0.645567
 4323.2     0.648256
4323.46     0.650945
4323.73     0.653633
4323.99     0.656321
4324.25     0.659008
4324.51     0.661695
4324.77     0.664382
4325.03     0.667067
4325.29     0.669753
4325.55     0.672439
4325.81     0.675123
4326.07     0.677808
4326.33     0.680493
4326.59     0.683177
4326.85     0.685862
4327.11     0.688545
4327.37     0.691229
4327.63     0.693911
4327.89     0.696592
4328.15     0.699268
4328.41     0.701941
4328.67     0.704607
4328.94     0.707261
 4329.2       0.7099
4329.46     0.712518
4329.72     0.715104
4329.98     0.717056
   4330     0.717822
4330.24     0.717564
 4330.5     0.717166
4330.76     0.716662
4331.02     0.716031
4331.28     0.715233
4331.54     0.714227
 4331.8     0.712958
4332.06     0.711367
4332.32     0.709386
4332.58     0.706936
4332.84     0.703933
 4333.1     0.700285
4333.36     0.695899
4333.62     0.690678
4333.88     0.684465
4334.15     0.677147
4334.41     0.668789
4334.67     0.659368
4334.93     0.648781
4335.19     0.637032
4335.45      0.62416
4335.71     0.610244
4335.97     0.595409
4336.23     0.579822
4336.49     0.563698
4336.75     0.547293
4337.01     0.530901
4337.27     0.514843
4337.53     0.499462
4337.79     0.485109
4338.05     0.472129
4338.31      0.46085
4338.57     0.451565
4338.83     0.444526
4339.09     0.439927
4339.35     0.437893
4339.62      0.43855
4339.88     0.441873
4340.14     0.447701
 4340.4     0.455888
4340.66     0.466211
4340.92     0.478398
4341.18     0.492136
4341.44     0.507085
 4341.7     0.522892
4341.96     0.539205
4342.22     0.555686
4342.48      0.57202
4342.74     0.587925
   4343     0.603161
4343.26     0.617531
4343.52     0.630882
4343.78     0.643109
4344.04     0.654151
 4344.3     0.664075
4344.57     0.672864
4344.83     0.680386
4345.09     0.686732
4345.35      0.69207
4345.61      0.69649
4345.87     0.700089
4346.13     0.702967
4346.39     0.705222
4346.65     0.706944
4346.91      0.70822
4347.17     0.709128
4347.43     0.709736
4347.69     0.710103
4347.95     0.710283
4348.21     0.710315
4348.47     0.710239
4348.73     0.710083
4348.99     0.709868
4349.25     0.709616
4349.51     0.709339
4349.78     0.709056
   4350     0.708837
4350.04     0.709088
 4350.3     0.709686
4350.56     0.710476
4350.82     0.711273
4351.08      0.71208
4351.34     0.712895
 4351.6     0.713722
4351.86     0.714558
4352.12     0.715405
4352.38      0.71626
4352.64     0.717125
 4352.9        0.718
4353.16      0.71888
4353.42     0.719768
4353.68     0.720661
4353.94     0.721561
 4354.2     0.722465
4354.46     0.723374
4354.72     0.724286
4354.99     0.725202
4355.25      0.72612
4355.51     0.727041
4355.77     0.727964
4356.03     0.728889
4356.29     0.729815
4356.55     0.730743
4356.81     0.731671
4357.07       0.7326
4357.33      0.73353
4357.59     0.734461
4357.85     0.735391
4358.11     0.736322
4358.37     0.737254
4358.63     0.738185
4358.89     0.739116
4359.15     0.740048
4359.41     0.740979
4359.67      0.74191
4359.93     0.742841
 4360.2     0.743772
4360.46     0.744703
4360.72     0.745634
4360.98     0.746565
4361.24     0.747496
 4361.5     0.748426
4361.76     0.749356
4362.02     0.750285
4362.28     0.751215
4362.54     0.752144
 4362.8     0.753073
4363.06     0.754002
4363.32     0.754931
4363.58     0.755859
4363.84     0.756787
 4364.1     0.757715
4364.36     0.758643
4364.62      0.75957
4364.88     0.760498
4365.15     0.761425
4365.41     0.762352
4365.67     0.763278
4365.93     0.764205
4366.19     0.765131
4366.45     0.766057
4366.71     0.766982
4366.97     0.767908
4367.23     0.768833
4367.49     0.771953
   4370     0.761852
   4390     0.712844
   4410     0.739515
   4430     0.785722
   4450     0.802192
   4470      0.84335
   4490     0.877949
   4510     0.948589
   4530     0.878862
   4550     0.901664
   4570     0.951315
   4590     0.925416
   4610     0.934613
   4630     0.924111
   4650     0.935443
   4670     0.964098
   4690     0.954204
   4710     0.933777
   4730     0.956276
   4750     0.979378
   4770     0.972954
   4790     0.972776
   4810     0.976803
   4830     0.994503
4834.84     0.992053
4835.13     0.988633
4835.42      0.98784
4835.71     0.987046
   4836     0.986252
4836.29     0.985459
4836.59     0.984666
4836.88     0.983873
4837.17      0.98308
4837.46     0.982288
4837.75     0.981495
4838.05     0.980703
4838.34     0.979912
4838.63      0.97912
4838.92     0.978328
4839.21     0.977537
 4839.5     0.976746
 4839.8     0.975955
4840.09     0.975165
4840.38     0.974375
4840.67     0.973585
4840.96     0.972795
4841.26     0.972006
4841.55     0.971218
4841.84     0.970429
4842.13     0.969642
4842.42     0.968854
4842.72     0.968067
4843.01     0.967282
 4843.3     0.966497
4843.59     0.965712
4843.88     0.964929
4844.17     0.964146
4844.47     0.963363
4844.76      0.96258
4845.05     0.961798
4845.34     0.961014
4845.63     0.960228
4845.93     0.959439
4846.22     0.958646
4846.51     0.957845
 4846.8     0.957036
4847.09     0.956211
4847.38     0.955366
4847.68     0.954495
4847.97     0.953592
4848.26     0.952646
4848.55     0.951646
4848.84     0.950573
4849.14     0.949408
4849.43     0.948138
4849.72     0.946756
   4850     0.945605
4850.01     0.944706
 4850.3     0.943006
4850.59     0.940602
4850.89     0.937915
4851.18     0.934933
4851.47     0.931618
4851.76     0.927903
4852.05     0.923707
4852.35     0.918963
4852.64     0.913684
4852.93     0.907833
4853.22     0.901322
4853.51     0.894048
4853.81     0.885952
 4854.1     0.877132
4854.39     0.867586
4854.68     0.857243
4854.97      0.84611
4855.26      0.83411
4855.56     0.821269
4855.85     0.807862
4856.14     0.793988
4856.43     0.779643
4856.72     0.764825
4857.02     0.749673
4857.31     0.734598
 4857.6     0.719773
4857.89     0.705256
4858.18     0.691237
4858.47     0.677801
4858.77      0.66516
4859.06     0.653705
4859.35     0.643582
4859.64     0.634847
4859.93     0.627585
4860.23     0.621945
4860.52     0.618085
4860.81     0.616017
 4861.1     0.615719
4861.39     0.617176
4861.68     0.620389
4861.98     0.625317
4862.27     0.631742
4862.56     0.639495
4862.85     0.648482
4863.14     0.658638
4863.44     0.669802
4863.73      0.68156
4864.02     0.693699
4864.31     0.706144
 4864.6     0.718839
 4864.9     0.731606
4865.19     0.744035
4865.48     0.755989
4865.77     0.767468
4866.06     0.778367
4866.35     0.788707
4866.65     0.798409
4866.94     0.807226
4867.23     0.815154
4867.52     0.822281
4867.81     0.828678
4868.11     0.834347
 4868.4     0.839193
4868.69     0.843271
4868.98     0.846688
4869.27     0.849497
4869.56     0.851776
4869.86     0.853363
   4870     0.854457
4870.15     0.856715
4870.44     0.859816
4870.73     0.863039
4871.02     0.865971
4871.32     0.868649
4871.61     0.871088
 4871.9     0.873327
4872.19     0.875411
4872.48     0.877365
4872.77     0.879219
4873.07     0.880989
4873.36     0.882685
4873.65     0.884326
4873.94     0.885922
4874.23     0.887489
4874.53     0.889032
4874.82     0.890555
4875.11     0.892063
 4875.4     0.893562
4875.69     0.895055
4875.98     0.896543
4876.28     0.898029
4876.57     0.899513
4876.86     0.900995
4877.15     0.902478
4877.44     0.903962
4877.74     0.905445
4878.03     0.906928
4878.32     0.908412
4878.61     0.909897
 4878.9     0.911382
 4879.2     0.912868
4879.49     0.914354
4879.78      0.91584
4880.07     0.917326
4880.36     0.918812
4880.65     0.920298
4880.95     0.921784
4881.24      0.92327
4881.53     0.924755
4881.82      0.92624
4882.11     0.927726
4882.41      0.92921
 4882.7     0.930695
4882.99      0.93218
4883.28     0.933664
4883.57     0.935148
4883.86     0.936631
4884.16     0.938114
4884.45     0.939597
4884.74     0.941079
4885.03     0.942561
4885.32     0.944043
4885.62     0.945524
4885.91     0.947005
 4886.2     0.948485
4886.49     0.949966
4886.78     0.951446
4887.07     0.952925
4887.37     0.954404
4887.66     0.955884
4887.95     0.957362
4888.24      0.95884
4888.53     0.960318
4888.83     0.961795
4889.12     0.963272
4889.41     0.964749
 4889.7     0.966235
   4890      0.96754
4890.29     0.967735
4890.58     0.967733
4890.87     0.967732
4891.16     0.967732
4891.45     0.967731
4891.74      0.96773
4892.04     0.967729
4892.33     0.967728
4892.62     0.967727
4892.91     0.969375
   4910     0.965385
4928.77     0.951811
4929.07     0.948744
4929.36     0.948451
4929.66     0.948158
4929.96     0.947903
   4930     0.947957
4930.26     0.948365
4930.55     0.948941
4930.85     0.949541
4931.15     0.950141
4931.45      0.95074
4931.74      0.95134
4932.04     0.951939
4932.34     0.952538
4932.64     0.953137
4932.93     0.953736
4933.23     0.954335
4933.53     0.954934
4933.83     0.955532
4934.12     0.956131
4934.42     0.956729
4934.72     0.957327
4935.02     0.957925
4935.31     0.958522
4935.61      0.95912
4935.91     0.959718
4936.21     0.960315
 4936.5     0.960912
 4936.8     0.961509
 4937.1     0.962106
 4937.4     0.962703
4937.69       0.9633
4937.99     0.963896
4938.29     0.964492
4938.59     0.965089
4938.88     0.965685
4939.18     0.966281
4939.48     0.966877
4939.78     0.967474
4940.07      0.96807
4940.37     0.968666
4940.67     0.969262
4940.97     0.969858
4941.26     0.970455
4941.56     0.971052
4941.86     0.971649
4942.16     0.972246
4942.45     0.972844
4942.75     0.973443
4943.05     0.974042
4943.35     0.974642
4943.64     0.975243
4943.94     0.975846
4944.24     0.976449
4944.54     0.977054
4944.83     0.977661
4945.13      0.97827
4945.43     0.978881
4945.73     0.979495
4946.02     0.980111
4946.32     0.980731
4946.62     0.981354
4946.92      0.98198
4947.21     0.982611
4947.51     0.983246
4947.81     0.983886
4948.11     0.984531
 4948.4     0.985181
 4948.7     0.985837
   4949     0.986498
 4949.3     0.987166
4949.59     0.987839
4949.89     0.988392
   4950      0.98874
4950.19     0.988681
4950.49     0.988552
4950.78     0.988429
4951.08     0.988311
4951.38     0.988199
4951.68     0.988093
4951.97     0.987992
4952.27     0.987895
4952.57     0.987802
4952.87     0.987712
4953.16     0.987624
4953.46     0.987538
4953.76     0.987452
4954.06     0.987365
4954.35     0.987276
4954.65     0.987184
4954.95     0.987086
4955.25     0.986977
4955.54     0.986845
4955.84     0.986656
4956.14     0.986336
4956.44     0.985756
4956.73     0.984733
4957.03     0.983071
4957.33     0.980707
4957.63     0.977921
4957.92     0.975283
4958.22     0.973477
4958.52     0.973074
4958.82     0.974139
4959.11     0.976191
4959.41     0.978554
4959.71     0.980599
4960.01     0.981966
 4960.3     0.982664
 4960.6     0.982875
 4960.9     0.982785
 4961.2     0.982538
4961.49     0.982221
4961.79     0.981875
4962.09     0.981515
4962.39     0.981149
4962.68     0.980778
4962.98     0.980404
4963.28     0.980029
4963.58     0.979653
4963.87     0.979277
4964.17     0.978903
4964.47     0.978531
4964.77     0.978163
4965.06     0.977798
4965.36     0.977438
4965.66     0.977083
4965.96     0.976734
4966.25      0.97639
4966.55     0.976053
4966.85     0.975723
4967.15     0.975398
4967.44      0.97508
4967.74     0.974769
4968.04     0.974463
4968.34     0.974164
4968.63     0.973871
4968.93     0.973584
4969.23     0.973302
4969.53     0.973025
4969.82     0.972769
   4970      0.97257
4970.12     0.972038
4970.42     0.971148
4970.72     0.970128
4971.02     0.969111
4971.31     0.968098
4971.61     0.967089
4971.91     0.966081
4972.21     0.965077
 4972.5     0.964075
 4972.8     0.963075
 4973.1     0.962077
 4973.4      0.96108
4973.69     0.960086
4973.99     0.959092
4974.29     0.958099
4974.58     0.957108
4974.88     0.956117
4975.18     0.955128
4975.48     0.954139
4975.78      0.95315
4976.07     0.952163
4976.37     0.951313
4976.48     0.950754
4976.67     0.950244
4976.78     0.949762
4976.97     0.949253
4977.08     0.948771
4977.26     0.948263
4977.38      0.94778
4977.56     0.947274
4977.68     0.946789
4977.86     0.946284
4977.98     0.945799
4978.16     0.945296
4978.28      0.94481
4978.45     0.944308
4978.58      0.94382
4978.75     0.943318
4978.88      0.94283
4979.05     0.942331
4979.18     0.941842
4979.35     0.941343
4979.48     0.940853
4979.64     0.940356
4979.78     0.939865
4979.94     0.939369
4980.08     0.938877
4980.24     0.938382
4980.39     0.937888
4980.54     0.937395
4980.69     0.936901
4980.83     0.936408
4980.99     0.935913
4981.13     0.935422
4981.29     0.934927
4981.43     0.934437
4981.59      0.93394
4981.73      0.93345
4981.89     0.932952
4982.02     0.932465
4982.19     0.931966
4982.32      0.93148
4982.49      0.93098
4982.62     0.930495
4982.79     0.929994
4982.92      0.92951
4983.09     0.929009
4983.21     0.928526
4983.39     0.928023
4983.51     0.927541
4983.69     0.927038
4983.81     0.926557
4983.99     0.926053
4984.11     0.925574
4984.29     0.925068
 4984.4      0.92459
4984.59     0.924084
 4984.7     0.923606
4984.89     0.923099
   4985     0.922623
4985.19     0.922116
 4985.3     0.921641
4985.49     0.921132
4985.59     0.920659
4985.79     0.920149
4985.89     0.919677
4986.09     0.919166
4986.19     0.918695
4986.39     0.918183
4986.49     0.917714
4986.69     0.917201
4986.78     0.916732
4986.99     0.916219
4987.08     0.915752
4987.29     0.915239
4987.38     0.914773
4987.59     0.914258
4987.68     0.913793
 4987.9     0.913277
4987.97     0.912814
 4988.2     0.912134
 4988.5     0.911208
 4988.8     0.910227
 4989.1     0.909246
 4989.4     0.908266
 4989.7     0.907286
   4990     0.906339
 4990.3     0.905588
 4990.6     0.904869
 4990.9     0.904152
 4991.2     0.903437
 4991.5     0.902727
 4991.8     0.902019
 4992.1     0.901316
 4992.4     0.900617
 4992.7     0.899924
   4993     0.899237
 4993.3     0.898557
 4993.6     0.897884
 4993.9     0.897219
 4994.2     0.896564
 4994.5     0.895919
 4994.8     0.895285
 4995.1     0.894663
4995.41     0.894053
4995.71     0.893458
4996.01     0.892879
4996.31     0.892315
4996.61     0.891768
4996.91     0.891238
4997.21     0.890727
4997.51     0.890235
4997.81     0.889762
4998.11     0.889309
4998.41     0.888876
4998.71     0.888463
4999.01     0.888069
4999.31     0.887694
4999.61     0.887336
4999.91     0.886996
5000.21     0.886671
5000.51     0.886359
5000.81     0.886059
5001.11     0.885769
5001.41     0.885485
5001.71     0.885205
5002.01     0.884926
5002.31     0.884644
5002.61     0.884355
5002.92     0.884049
5003.22     0.883704
5003.52     0.883257
5003.82     0.882564
5004.12     0.881318
5004.42      0.87901
5004.72      0.87499
5005.02     0.868752
5005.32     0.860433
5005.62      0.85122
5005.92     0.843271
5006.22     0.838906
5006.52      0.83944
5006.82     0.844444
5007.12     0.851988
5007.42     0.859691
5007.72     0.865793
5008.02      0.86963
5008.32     0.871433
5008.62     0.871826
5008.92     0.871412
5009.22     0.870603
5009.52      0.86962
5009.82     0.868663
   5010     0.868031
5010.12     0.868176
5010.42     0.868512
5010.73     0.868907
5011.03      0.86929
5011.33     0.869664
5011.63     0.870033
5011.93     0.870399
5012.23     0.870767
5012.53     0.871139
5012.83     0.871517
5013.13     0.871905
5013.43     0.872305
5013.73     0.872719
5014.03     0.873147
5014.33     0.873593
5014.63     0.874056
5014.93     0.874538
5015.23     0.875038
5015.53     0.875558
5015.83     0.876098
5016.13     0.876657
5016.43     0.877235
5016.73     0.877832
5017.03     0.878446
5017.33     0.879077
5017.63     0.879725
5017.93     0.880388
5018.23     0.881066
5018.54     0.881757
5018.84      0.88246
5019.14     0.883176
5019.44     0.883901
5019.74     0.884637
5020.04      0.88538
5020.34     0.886132
5020.64     0.886891
5020.94     0.887656
5021.24     0.888427
5021.54     0.889202
5021.84     0.889981
5022.14     0.890764
5022.44     0.891551
5022.74      0.89234
5023.04     0.893132
5023.34     0.893925
5023.64      0.89472
5023.94     0.895517
5024.24     0.896315
5024.54     0.897113
5024.84     0.897912
5025.14     0.898712
5025.44     0.899513
5025.74     0.900314
5026.04     0.901115
5026.35     0.901916
5026.65     0.902717
5026.95     0.903519
5027.25     0.904321
5027.55     0.905122
5027.85     0.905923
5028.15     0.906724
5028.45     0.907525
5028.75     0.908327
5029.05     0.909127
5029.35     0.909928
5029.65     0.910728
5029.95     0.911339
   5030     0.911663
5030.25     0.911606
5030.55     0.911536
5030.85     0.911467
5031.15     0.911399
5031.45      0.91133
5031.75     0.911261
5032.05     0.911193
5032.35     0.911124
5032.65     0.911055
5032.95     0.910987
5033.25     0.910918
5033.55     0.910849
5033.85     0.910781
5034.16     0.910712
5034.46     0.910644
5034.76     0.910575
5035.06     0.910507
5035.36     0.910438
5035.66      0.91037
5035.96     0.910301
5036.26     0.910681
   5050     0.913681
   5070      0.93412
   5090     0.903805
   5110     0.910489
   5130     0.884887
   5150     0.847225
   5170     0.799748
   5190     0.821176
   5210      0.88123
   5230     0.943774
   5250      0.96776
   5270     0.903254
   5290     0.990565
   5310      1.03532
   5330     0.960117
   5350      1.00861
   5370      1.01121
   5390     0.992065
   5410      0.97928
   5430     0.991495
   5450      1.01106
   5470      1.00082
   5490      1.00421
   5510     0.998888
   5530      1.02487
   5550        1.036
   5570      1.01703
   5590      1.00038
   5610      1.02239
   5630       1.0248
   5650      1.03185
   5670      1.01758
   5690      1.03312
   5710      1.02009
   5730       1.0727
   5750      1.05559
   5770      1.05287
   5790      1.02891
   5810      1.05756
   5830      1.07978
   5850      1.05819
   5870      1.04101
   5890     0.973865
   5910      1.02689
   5930      1.04159
   5950      1.04429
   5970      1.05493
   5990      1.04283
   6010      1.03307
   6030      1.05249
   6050       1.0693
   6070      1.06364
   6090      1.03683
   6110      1.02822
   6130     0.989857
   6150     0.996227
   6170     0.967251
   6190      1.00293
   6210     0.999202
   6230     0.971126
   6250     0.950055
   6270     0.980967
   6290      0.99631
   6310     0.981638
   6330      0.98952
   6350     0.993629
   6370     0.992245
   6390      1.00039
   6410     0.987742
   6430     0.991448
   6450     0.987533
   6470     0.981616
   6490     0.970843
   6510     0.992123
6523.64     0.996739
6524.04     0.997849
6524.43     0.997859
6524.82     0.997869
6525.22     0.997879
6525.61     0.997889
   6526     0.997899
 6526.4      0.99791
6526.79      0.99792
6527.19      0.99793
6527.58      0.99794
6527.97      0.99795
6528.37      0.99796
6528.76      0.99797
6529.15     0.997981
6529.55     0.997991
6529.94     0.997973
   6530     0.997923
6530.34     0.997515
6530.73     0.996978
6531.12     0.996425
6531.52     0.995872
6531.91      0.99532
 6532.3     0.994768
 6532.7     0.994215
6533.09     0.993664
6533.49     0.993112
6533.88      0.99256
6534.27     0.992009
6534.67     0.991459
6535.06     0.990908
6535.46     0.990358
6535.85     0.989809
6536.24     0.989261
6536.64     0.988713
6537.03     0.988167
6537.42     0.987621
6537.82     0.987077
6538.21     0.986535
 6538.6     0.985995
   6539     0.985457
6539.39     0.984922
6539.79     0.984391
6540.18     0.983864
6540.57     0.983342
6540.97     0.982826
6541.36     0.982317
6541.76     0.981816
6542.15     0.981324
6542.54     0.980843
6542.94     0.980375
6543.33     0.979921
6543.72     0.979484
6544.12     0.979065
6544.51     0.978668
6544.91     0.978296
 6545.3      0.97795
6545.69     0.977634
6546.09     0.977352
6546.48     0.977108
6546.87     0.976903
6547.27     0.976742
6547.66     0.976626
6548.06     0.976558
6548.45     0.976538
6548.84     0.976565
6549.24     0.976635
6549.63     0.976734
   6550     0.976799
6550.02     0.976728
6550.42     0.976304
6550.81     0.975747
6551.21     0.975101
 6551.6     0.974304
6551.99     0.973266
6552.39     0.971865
6552.78     0.969983
6553.17     0.967445
6553.57     0.964033
6553.96     0.959545
6554.36     0.953749
6554.75     0.946466
6555.14      0.93744
6555.54     0.926415
6555.93     0.913316
6556.33     0.898105
6556.72     0.880969
6557.11     0.861998
6557.51     0.841389
 6557.9     0.819879
6558.29     0.797937
6558.69     0.776135
6559.08     0.755415
6559.48     0.736604
6559.87     0.720595
6560.26     0.707977
6560.66     0.699273
6561.05     0.694989
6561.44     0.695259
6561.84     0.700075
6562.23     0.709186
6562.63     0.722115
6563.02       0.7381
6563.41      0.75647
6563.81     0.776544
 6564.2     0.797229
6564.59     0.817877
6564.99     0.837936
6565.38     0.856679
6565.78     0.873666
6566.17     0.888496
6566.56     0.901139
6566.96     0.911644
6567.35     0.919978
6567.75     0.926291
6568.14     0.930744
6568.53     0.933627
6568.93     0.935208
6569.32     0.935664
6569.71     0.935293
   6570     0.934702
6570.11     0.935084
 6570.5     0.935773
 6570.9     0.936322
6571.29      0.93661
6571.68     0.936731
6572.08     0.936758
6572.47     0.936743
6572.86     0.936724
6573.26     0.936732
6573.65     0.936784
6574.05     0.936896
6574.44     0.937075
6574.83     0.937327
6575.23     0.937656
6575.62      0.93806
6576.01      0.93854
6576.41     0.939095
 6576.8      0.93972
 6577.2     0.940413
6577.59      0.94117
6577.98     0.941987
6578.38     0.942862
6578.77     0.943788
6579.16     0.944763
6579.56     0.945781
6579.95     0.946841
6580.35     0.947937
6580.74     0.949066
6581.13     0.950225
6581.53      0.95141
6581.92     0.952618
6582.31     0.953847
6582.71     0.955094
 6583.1     0.956357
 6583.5     0.957634
6583.89     0.958923
6584.28     0.960221
6584.68     0.961528
6585.07     0.962843
6585.46     0.964165
6585.86     0.965492
6586.25     0.966823
6586.65     0.968157
6587.04     0.969495
6587.43     0.970835
6587.83     0.972177
6588.22     0.973521
6588.62     0.974866
6589.01     0.976212
 6589.4     0.977558
 6589.8     0.978728
   6590     0.979522
6590.19     0.979738
6590.58     0.979897
6590.98     0.980097
6591.37     0.980297
6591.77     0.980497
6592.16     0.980697
6592.55     0.980898
6592.95     0.981098
6593.34     0.981299
6593.73       0.9815
6594.13       0.9817
6594.52     0.981901
6594.92     0.982102
6595.31     0.982302
 6595.7     0.982503
 6596.1     0.982704
6596.49     0.982904
6596.88     0.983105
6597.28     0.983305
6597.67     0.983506
6598.07     0.983706
6598.46     0.983906
6598.85     0.984107
6599.25     0.984307
6599.64     0.984507
6600.04     0.984707
6600.43     0.984907
6600.82     0.985107
6601.22     0.985307
6601.61     0.985507
   6602     0.987238
   6610     0.988843
   6630     0.982186
   6650     0.977414
   6670     0.962192
   6690     0.964659
   6710     0.941233
   6730     0.951948
   6750     0.943092
   6770     0.943184
   6790     0.936408
   6810     0.939208
   6830     0.944959
   6850     0.930269
   6870     0.939738
   6890     0.951271
   6910     0.950495
   6930     0.945454
   6950     0.945813
   6970     0.954306
   6990     0.951208
   7010     0.942993
   7030      0.95533
   7050     0.956386
   7070     0.931621
   7090     0.903405
   7110     0.881763
   7130     0.864957
   7150       0.8616
   7170      0.86657
   7190     0.854321
   7210     0.868577
   7230     0.886437
   7250     0.894126
   7270     0.898015
   7290     0.893238
   7310     0.910647
   7330     0.917408
   7350      0.92861
   7370     0.945262
   7390     0.935011
   7410     0.934997
   7430     0.952641
   7450     0.957793
   7470     0.969005
   7490     0.970516
   7510     0.979095
   7530     0.991833
   7550     0.998131
   7570     0.993135
   7590      0.97521
   7610     0.955874
   7630     0.934115
   7650     0.910153
   7670     0.878386
   7690     0.886005
   7710     0.876051
   7730     0.874902
   7750     0.871787
   7770      0.88081
   7790     0.886569
   7810     0.885984
   7830     0.879005
   7850     0.872309
   7870     0.880939
   7890     0.872135
   7910     0.856757
   7930     0.856247
   7950     0.856045
   7970     0.875943
   7990     0.881823
   8010     0.889758
   8030     0.893316
   8050      0.89542
   8070     0.903772
   8090     0.900955
   8110     0.910584
   8130     0.931396
   8150     0.943135
   8170     0.946758
   8190     0.926453
   8210     0.913573
   8230     0.914847
   8250     0.915208
   8270     0.920253
   8290     0.910685
   8310     0.887196
   8330     0.878602
   8350     0.878864
   8370     0.878812
   8390     0.861275
   8410     0.872617
   8430     0.842384
   8450     0.822794
   8470     0.822192
   8490     0.823759
   8510      0.80319
   8530     0.819334
   8550     0.795032
   8570     0.840573
   8590     0.843103
   8610     0.850722
   8630     0.864439
   8650     0.861398
   8670      0.81581
   8690     0.847825
   8710      0.87541
   8730      0.88277
   8750     0.878998
   8770     0.890883
   8790      0.89739
   8810     0.886853
   8830     0.891322
   8850      0.88592
   8870     0.861822
   8890     0.868263
   8910     0.874683
   8930     0.864288
   8950     0.863763
   8970     0.866862
   8990     0.865366
   9010     0.848884
   9030     0.871899
   9050     0.894575
   9070     0.895334
   9090     0.883286
   9110     0.891091
   9130     0.902177
   9150     0.899219
   9170     0.899027
   9190     0.901227
   9210     0.874502
   9230     0.853224
   9250     0.850117
   9270     0.852128
   9290     0.844633
   9310      0.84746
   9330     0.848485
   9350     0.843538
   9370      0.83451
   9390     0.842108
   9410      0.83425
   9430     0.845716
   9450     0.841287
   9470     0.853777
   9490     0.854878
   9510      0.84511
   9530     0.844433
   9550     0.833468
   9570      0.84045
   9590      0.85115
   9610      0.84477
   9630     0.844708
   9650     0.833489
   9670     0.833377
   9690     0.841059
   9710     0.832054
   9730     0.823844
   9750     0.821149
   9770      0.82176
   9790     0.815865
   9810     0.827608
   9830     0.824547
   9850     0.826686
   9870     0.822568
   9890     0.820384
   9910     0.816756
   9930     0.818904
   9950     0.820076
   9970     0.819906
   9990     0.817875
  10025     0.813924
  10075     0.805939
  10125      0.80859
  10175     0.802019
  10225     0.801376
  10275     0.800407
  10325     0.791192
  10375     0.785419
  10425     0.784676
  10475     0.775561
  10525       0.7675
  10575     0.755144
  10625     0.747091
  10675     0.739816
  10725      0.74008
  10775     0.734119
  10825     0.724751
  10875     0.720741
  10925     0.717185
  10975     0.709657
  11025     0.704378
  11075     0.696205
  11125     0.691525
  11175     0.686271
  11225     0.683777
  11275     0.676375
  11325     0.673013
  11375     0.667515
  11425     0.661877
  11475     0.665094
  11525     0.662595
  11575     0.654705
  11625     0.645925
  11675     0.643888
  11725     0.643023
  11775     0.631993
  11825     0.624236
  11875     0.616677
  11925     0.618751
  11975     0.606194
  12025     0.610122
  12075     0.606909
  12125     0.606002
  12175     0.605461
  12225      0.60142
  12275     0.596488
  12325      0.59221
  12375     0.588789
  12425     0.582319
  12475     0.578833
  12525     0.573706
  12575     0.570628
  12625     0.566709
  12675     0.562201
  12725     0.560951
  12775     0.557721
  12825     0.544473
  12875     0.547522
  12925     0.544243
  12975     0.545604
  13025     0.540881
  13075     0.538881
  13125     0.530128
  13175     0.526834
  13225     0.524904
  13275      0.51784
  13325     0.515851
  13375      0.51161
  13425     0.510776
  13475     0.506809
  13525      0.50236
  13575     0.495702
  13625     0.492847
  13675      0.49386
  13725     0.494394
  13775        0.493
  13825      0.49195
  13875     0.485775
  13925     0.471404
  13975       0.4663
  14025     0.462283
  14075     0.463231
  14125     0.459836
  14175     0.461096
  14225     0.456517
  14275     0.451616
  14325     0.456506
  14375     0.457698
  14425     0.450889
  14475     0.454526
  14525     0.452189
  14570     0.452156
  14620     0.445876
  14675     0.442413
  14725     0.439019
  14775     0.440462
  14825     0.441186
  14875     0.438978
  14925     0.445176
  14975      0.44248
  15025     0.437342
  15075     0.437846
  15125     0.443562
  15175     0.445031
  15225     0.444975
  15275      0.44653
  15325     0.445455
  15375     0.444405
  15425     0.442369
  15475     0.441875
  15525     0.437522
  15575     0.429048
  15625     0.430231
  15675     0.430024
  15725     0.432518
  15775     0.415521
  15825      0.41379
  15875     0.414037
  15925     0.421783
  15975     0.418119
  16050     0.421267
  16150     0.422977
  16250     0.417319
  16350     0.420001
  16450     0.410902
  16550     0.412442
  16650     0.406264
  16750      0.40078
  16850     0.394924
  16950     0.393021
  17050       0.3857
  17150     0.379019
  17250     0.370302
  17350     0.360661
  17450     0.354708
  17550     0.347974
  17650     0.340385
  17750      0.33198
  17850     0.325618
  17950     0.317566
  18050     0.309613
  18150     0.303308
  18250     0.298806
  18350     0.294114
  18450     0.287881
  18550     0.283733
  18650     0.276924
  18750     0.270741
  18850     0.268315
  18950     0.261294
  19050     0.261212
  19150     0.257369
  19250     0.253244
  19350     0.246977
  19450     0.241331
  19550     0.239363
  19650     0.235332
  19750     0.230068
  19850     0.227004
  19950     0.224414
  20050     0.222741
  20150     0.219716
  20250     0.215241
  20350     0.212779
  20450     0.211626
  20550       0.2087
  20650     0.205863
  20750     0.203707
  20850     0.200912
  20950     0.197924
  21050     0.196735
  21150     0.193876
  21250      0.19152
  21350      0.19012
  21450     0.187713
  21550     0.184891
  21650      0.18158
  21750     0.179252
  21850     0.177324
  21950        0.175
  22050     0.171545
  22150     0.170446
  22250     0.167151
  22350     0.164939
  22450     0.162859
  22550     0.160772
  22650      0.15788
  22750     0.156503
  22850      0.15108
  22950     0.135123
  23050     0.137928
  23150     0.135861
  23250      0.12312
  23350     0.126167
  23450     0.122288
  23550     0.113207
  23650      0.11705
  23750     0.113617
  23850     0.106335
  23950     0.109152
  24050     0.107267
  24150      0.10092
  24250     0.102251
  24350     0.100371
  24450    0.0959758
  24550    0.0943455
  24650    0.0944641
  24750    0.0908242
  24850    0.0847406
  24950    0.0836621
  25050    0.0838634
  25150    0.0802012
  25250    0.0810376
  25350    0.0809134
  25450     0.079493
  25550    0.0789172
  25650    0.0790552
  25750    0.0791119
  25850     0.076961
  25950    0.0770716
  26050    0.0772922
  26150    0.0760305
  26250    0.0749209
  26350    0.0748561
  26450    0.0741911
  26550    0.0732231
  26650    0.0720979
  26750     0.072658
  26850    0.0719308
  26950    0.0704331
  27050    0.0702805
  27150    0.0697131
  27250    0.0692614
  27350    0.0680669
  27450    0.0677741
  27550    0.0673477
  27650    0.0663939
  27750    0.0653751
  27850    0.0652059
  27950    0.0648779
  28050    0.0640209
  28150    0.0631484
  28250    0.0627597
  28350     0.062262
  28450    0.0615709
  28550    0.0609283
  28650    0.0604081
  28750    0.0597441
  28850     0.059059
  28950    0.0585121
  29050    0.0579998
  29150    0.0573986
  29250    0.0564681
  29350    0.0562155
  29450     0.055539
  29550    0.0550569
  29650    0.0546221
  29750    0.0540031
  29850    0.0534187
  29950    0.0528702
  30050    0.0523288
  30150    0.0519996
  30250    0.0513465
  30350    0.0507953
  30450    0.0505908
  30550    0.0500242
  30650    0.0496019
  30750    0.0491938
  30850    0.0486311
  30950    0.0483725
  31050    0.0480324
  31150    0.0473555
  31250    0.0470979
  31350      0.04668
  31450     0.046278
  31550    0.0458513
  31650    0.0453484
  31750    0.0450124
  31850    0.0446458
  31950    0.0442902
  32100    0.0436683
  32300    0.0428997
  32500    0.0421369
  32700    0.0413165
  32900    0.0404984
  33100    0.0397782
  33300    0.0390594
  33500    0.0383815
  33700    0.0376295
  33900       0.0369
  34100    0.0361693
  34300    0.0355587
  34500     0.034922
  34700    0.0342332
  34900    0.0335856
  35100    0.0329551
  35300     0.032274
  35500    0.0316768
  35700    0.0310441
  35900    0.0304493
  36100    0.0299596
  36300    0.0293667
  36500    0.0287677
  36700    0.0281875
  36900    0.0275782
  37100    0.0270353
  37300     0.026567
  37500    0.0259813
  37700    0.0255353
  37900    0.0250466
  38100    0.0246379
  38300    0.0242187
  38500     0.023765
  38700    0.0232466
  38900    0.0228305
  39100    0.0224146
  39300    0.0220012
  39500    0.0215076
  39700    0.0211061
  39900    0.0206493
  40100    0.0203341
  40300    0.0199949
  40500    0.0195744
  40700    0.0192369
  40900    0.0188958
  41100    0.0185794
  41300    0.0182507
  41500    0.0179096
  41700    0.0175796
  41900    0.0172795
  42100    0.0169528
  42300    0.0167133
  42500    0.0164069
  42700    0.0160715
  42900    0.0152806
  43100    0.0145255
  43300    0.0143293
  43500    0.0137308
  43700    0.0133215
  43900     0.012991
  44100    0.0124946
  44300    0.0122493
  44500    0.0120043
  44700    0.0116552
  44900    0.0115435
  45100    0.0112831
  45300     0.011018
  45500      0.01094
  45700    0.0107948
  45900    0.0104969
  46100    0.0104516
  46300    0.0102914
  46500    0.0101526
  46700     0.010092
  46900    0.0099204
  47100   0.00975388
  47300   0.00971007
  47500   0.00952387
  47700   0.00940454
  47900   0.00929484
  48100   0.00911943
  48300   0.00909447
  48500   0.00893799
  48700   0.00877169
  48900   0.00864568
  49100   0.00853624
  49300   0.00841373
  49500   0.00827658
  49700   0.00821045
  49900   0.00807808
  50100   0.00798491
  50300   0.00787568
  50500   0.00773554
  50700   0.00765928
  50900    0.0075584
  51100   0.00744225
  51300   0.00737255
  51500   0.00726552
  51700   0.00720981
  51900   0.00710258
  52100   0.00701478
  52300   0.00690377
  52500   0.00684298
  52700    0.0067927
  52900     0.006656
  53100   0.00656039
  53300   0.00649976
  53500   0.00642136
  53700   0.00634855
  53900   0.00627397
  54100    0.0061947
  54300   0.00609667
  54500   0.00605092
  54700    0.0059621
  54900   0.00589635
  55100   0.00582955
  55300   0.00581362
  55500   0.00569485
  55700   0.00565632
  55900   0.00557816
  56100   0.00552484
  56300   0.00543836
  56500   0.00539877
  56700   0.00533442
  56900   0.00525113
  57100   0.00521795
  57300   0.00515919
  57500   0.00509694
  57700   0.00503458
  57900   0.00499144
  58100   0.00492175
  58300   0.00486697
  58500   0.00481062
  58700   0.00474117
  58900   0.00468916
  59100   0.00463931
  59300   0.00459068
  59500   0.00453118
  59700   0.00448944
  59900   0.00443956
  60100   0.00438796
  60300   0.00433515
  60500   0.00427518
  60700   0.00422604
  60900   0.00417599
  61100    0.0041247
  61300   0.00408452
  61500   0.00404316
  61700   0.00400305
  61900   0.00395665
  62100   0.00391381
  62300   0.00386219
  62500   0.00381122
  62700   0.00376797
  62900   0.00372789
  63100   0.00368546
  63300   0.00365115
  63500   0.00360779
  63700   0.00357274
  63900   0.00352467
  64200   0.00346611
  64600   0.00338866
  65000   0.00331361
  65400    0.0032401
  65800   0.00317082
  66200   0.00309963
  66600   0.00303192
  67000   0.00296622
  67400    0.0028999
  67800   0.00283695
  68200   0.00277523
  68600   0.00271646
  69000   0.00265746
  69400   0.00260056
  69800   0.00254527
  70200   0.00249035
  70600   0.00243862
  71000   0.00238717
  71400   0.00233732
  71800   0.00228814
  72200   0.00224086
  72600    0.0021941
  73000   0.00214891
  73400   0.00210446
  73800   0.00206165
  74200   0.00201837
  74600   0.00197687
  75000   0.00193741
  75400   0.00189861
  75800     0.001862
  76200   0.00182525
  76600   0.00178912
  77000    0.0017537
  77400   0.00171953
  77800   0.00168611
  78200   0.00165321
  78600   0.00162137
  79000   0.00159011
  79400    0.0015597
  79800   0.00152992
  80200   0.00150033
  80600   0.00147198
  81000   0.00144477
  81400   0.00141756
  81800   0.00139148
  82200    0.0013657
  82600   0.00134047
  83000   0.00131581
  83400   0.00129144
  83800    0.0012679
  84200   0.00124527
  84600   0.00122264
  85000   0.00120075
  85400   0.00117932
  85800   0.00115842
  86200   0.00113806
  86600   0.00111801
  87000   0.00109835
  87400   0.00107918
  87800   0.00106031
  88200   0.00104171
  88600   0.00102373
  89000   0.00100612
  89400  0.000989041
  89800  0.000971868
  90200  0.000955686
  90600  0.000939592
  91000  0.000923293
  91400  0.000908099
  91800  0.000893166
  92200  0.000878514
  92600  0.000863969
  93000  0.000849724
  93400  0.000835698
  93800  0.000822094
  94200  0.000808705
  94600  0.000795491
  95000  0.000782666
  95400  0.000770191
  95800  0.000757876
  96200  0.000745722
  96600  0.000733912
  97000  0.000722228
  97400  0.000710474
  97800  0.000699537
  98200  0.000688752
  98600  0.000678059
  99000   0.00066761
  99400  0.000657206
  99800  0.000647109
 100200  0.000521058
 200000  4.73274e-05
 400000  3.57812e-06
 600000  6.12451e-07
 800000  1.88795e-07
  1e+06   7.7619e-08
1.2e+06  3.81241e-08
1.4e+06  2.11512e-08
1.6e+06  1.35148e-08
