     91   0.00273836
     94   0.00271174
     96    0.0027492
     98   0.00276799
    100   0.00278752
    102   0.00280823
    104   0.00282987
    106   0.00285221
    108   0.00287577
    110   0.00293354
    114   0.00295004
    118   0.00297545
    121   0.00303654
    125   0.00303381
    127   0.00306956
    128   0.00312571
    131   0.00310066
    132   0.00315626
    134   0.00318289
    137   0.00321247
    140   0.00325818
    143   0.00332062
    147   0.00336899
    151   0.00343426
    155   0.00350186
    159   0.00355563
    162   0.00364513
    166   0.00371205
    170   0.00378034
    173   0.00387938
    177   0.00393606
    180   0.00400443
    182   0.00410344
    186   0.00418245
    191   0.00424765
    194   0.00436613
    198   0.00444215
    202   0.00451998
    205   0.00464539
    210   0.00475418
    216   0.00485584
    220   0.00497864
    223   0.00509692
    227    0.0089945
    230      0.03631
    234    0.0388902
    240    0.0372263
    246    0.0357081
    252    0.0343088
    257    0.0332261
    260    0.0325858
    264    0.0318125
    269    0.0307463
    274    0.0297007
    279    0.0286197
    284    0.0278238
    290    0.0268209
    296    0.0257443
    301    0.0248884
    308    0.0238683
    318    0.0224105
    328    0.0210141
    338    0.0196765
    348    0.0185007
    357    0.0177942
    366    0.0173189
    375    0.0165071
    385    0.0155047
    395    0.0151398
    405    0.0147451
    414    0.0141109
    422    0.0134209
    430    0.0128724
    441    0.0124234
    451    0.0118991
    460    0.0112538
    470    0.0107796
    480    0.0104341
    490    0.0098812
    500     0.009675
    506   0.00938531
    512   0.00965217
    520   0.00931483
    530   0.00878229
    540   0.00813936
    550   0.00778754
    560   0.00785195
    570    0.0077772
    580   0.00750944
    590   0.00722445
    600   0.00675319
    610   0.00644999
    620   0.00649542
    630   0.00625279
    640   0.00617643
    650   0.00593239
    658   0.00569178
    665    0.0057156
    675   0.00558352
    685   0.00527678
    695   0.00520948
    705   0.00490032
    716   0.00494978
    726   0.00486879
    735   0.00474317
    745   0.00456762
    755   0.00439978
    765    0.0041752
    775   0.00414221
    785   0.00395735
    795   0.00392274
    805   0.00387331
    815   0.00378863
    825   0.00367355
    835   0.00342341
    845   0.00347358
    855   0.00340215
    865   0.00335443
    875   0.00328781
    885   0.00321321
    895   0.00314192
    905   0.00335307
    915   0.00525401
    925   0.00714553
    935      0.00887
    945    0.0102661
    955    0.0110971
    965    0.0108776
    975   0.00770946
    985   0.00916203
    995   0.00934498
   1005     0.010188
   1015    0.0101672
   1025   0.00877203
   1035   0.00960472
   1045    0.0110821
   1055    0.0108018
   1065   0.00982449
   1075   0.00991186
   1085   0.00936604
   1095   0.00991749
   1105   0.00970496
   1115   0.00938112
   1125   0.00879584
   1135   0.00939139
   1145   0.00921015
   1155   0.00908077
   1165   0.00864817
   1175   0.00726373
   1185   0.00814167
   1195   0.00764767
   1205   0.00697341
1208.72   0.00610417
 1208.8   0.00639978
1208.87   0.00637997
1208.94   0.00635873
1209.02   0.00632446
1209.09   0.00629997
1209.16     0.006289
1209.23   0.00626295
1209.31   0.00621722
1209.38   0.00618716
1209.45   0.00615478
1209.53   0.00609566
 1209.6   0.00605837
1209.67   0.00601816
1209.75     0.005942
1209.82   0.00589567
1209.89   0.00588822
1209.96   0.00583994
1210.04   0.00574097
1210.11   0.00568691
1210.18   0.00562855
1210.26   0.00550254
1210.33   0.00543624
 1210.4   0.00544498
1210.47   0.00537816
1210.55   0.00521943
1210.62   0.00514543
1210.69   0.00506585
1210.77   0.00486986
1210.84   0.00478257
1210.91   0.00468915
1210.99   0.00445001
1211.06   0.00435068
1211.13   0.00441736
 1211.2   0.00432108
1211.28   0.00403344
1211.35   0.00393116
1211.42   0.00382253
 1211.5   0.00348162
1211.57   0.00336791
1211.64   0.00324809
1211.72    0.0028498
1211.79    0.0027261
1211.86   0.00291927
1211.93   0.00281384
1212.01   0.00236386
1212.08   0.00225558
1212.15   0.00214246
1212.23    0.0016287
 1212.3   0.00151932
1212.37   0.00185937
1212.44   0.00177729
1212.52   0.00121399
1212.59   0.00112719
1212.66   0.00104991
1212.74  0.000433424
1212.81  0.000354221
1212.88  0.000284871
1212.96 -0.000370025
1213.03 -0.000431057
 1213.1  0.000149896
1213.17   0.00012193
1213.25 -0.000566925
1213.32 -0.000593842
1213.39 -0.000606895
1213.47  -0.00131989
1213.54  -0.00132913
1213.61  -0.00132435
1213.69  -0.00203762
1213.76  -0.00201805
1213.83  -0.00125242
 1213.9  -0.00121475
1213.98  -0.00192284
1214.05  -0.00188448
1214.12  -0.00183154
 1214.2  -0.00251675
1214.27  -0.00246249
1214.34  -0.00167202
1214.41  -0.00161441
1214.49  -0.00226777
1214.56  -0.00220589
1214.63  -0.00213319
1214.71  -0.00272011
1214.78   -0.0026621
1214.85   -0.0025943
1214.93  -0.00302348
   1215  -0.00288378
1215.07   -0.0023781
1215.14  -0.00240846
1215.22   -0.0028298
1215.29  -0.00278965
1215.36  -0.00275276
1215.44     -0.00307
1215.51  -0.00303766
1215.58   -0.0030056
1215.66  -0.00320575
1215.73  -0.00318481
 1215.8  -0.00305218
1215.87  -0.00309486
1215.95  -0.00319588
1216.02  -0.00324257
1216.09  -0.00329726
1216.17  -0.00326391
1216.24  -0.00332366
1216.31  -0.00357669
1216.38  -0.00369134
1216.46  -0.00355818
1216.53  -0.00367989
 1216.6  -0.00379685
1216.68  -0.00353844
1216.75  -0.00365326
1216.82  -0.00376739
 1216.9  -0.00339363
1216.97  -0.00350226
1217.04   -0.0041691
1217.11  -0.00430093
1217.19  -0.00383725
1217.26  -0.00396289
1217.33  -0.00407402
1217.41  -0.00352105
1217.48  -0.00363319
1217.55  -0.00372914
1217.63  -0.00309641
 1217.7  -0.00317628
1217.77  -0.00398782
1217.84  -0.00405046
1217.92  -0.00336562
1217.99    -0.003416
1218.06  -0.00344686
1218.14  -0.00272585
1218.21  -0.00274555
1218.28  -0.00348488
1218.35  -0.00347603
1218.43  -0.00273529
 1218.5  -0.00270525
1218.57   -0.0026559
1218.65  -0.00190806
1218.72  -0.00184887
1218.79  -0.00177403
1218.87  -0.00104495
1218.94 -0.000963882
1219.01  -0.00147972
1219.08   -0.0013635
1219.16 -0.000661585
1219.23 -0.000534446
 1219.3 -0.000397077
1219.38  0.000266814
1219.45  0.000403871
1219.52  0.000548536
 1219.6   0.00115923
1219.67   0.00129954
1219.74   0.00102864
1219.81   0.00119544
1219.89   0.00175229
1219.96    0.0019204
1220.03   0.00208184
1220.11   0.00257297
1220.18   0.00272822
1220.25   0.00259445
1220.32   0.00276473
 1220.4   0.00319906
1220.47   0.00336293
1220.54   0.00351875
1220.62   0.00389129
1220.69   0.00403872
1220.76   0.00417806
1220.84   0.00449356
1220.91    0.0046237
1220.98   0.00459598
1221.05   0.00472564
1221.13   0.00498726
 1221.2   0.00510785
1221.27   0.00522095
1221.35   0.00543604
1221.42   0.00553875
1221.49   0.00563461
1221.57   0.00580961
1221.64   0.00589588
1221.71   0.00590917
1221.78   0.00599251
1221.86   0.00613119
1221.93   0.00620467
   1222   0.00627299
1222.08    0.0063828
1222.15   0.00644383
1222.22   0.00646529
1222.29   0.00652267
1222.37   0.00660745
1222.44   0.00665758
1222.51   0.00670426
1222.59    0.0067709
1222.66   0.00681167
1222.73   0.00684985
1222.81   0.00690219
1222.88   0.00693562
1222.95   0.00695452
1223.02   0.00698567
 1223.1   0.00702559
1223.17   0.00705301
1223.24   0.00803945
   1225   0.00937854
   1235   0.00994865
   1245    0.0102047
   1255    0.0101484
   1265    0.0100813
   1275    0.0107743
   1285    0.0110716
   1295    0.0104751
   1305    0.0102908
   1315    0.0112083
   1325     0.011253
   1335    0.0109503
   1345    0.0116081
   1355    0.0114764
   1365    0.0110577
   1375    0.0111561
   1385    0.0109459
   1395    0.0101358
   1405    0.0100489
   1415    0.0107317
   1425    0.0109518
   1435    0.0109463
   1442    0.0113307
   1447    0.0117806
   1455    0.0116455
   1465    0.0111406
   1475    0.0111321
   1485    0.0114777
   1495    0.0117584
   1505    0.0116973
   1512    0.0111448
   1517    0.0114256
   1525    0.0120413
   1535    0.0121664
   1545    0.0135754
   1555     0.013074
   1565    0.0130913
   1575    0.0156243
   1585    0.0172868
   1595    0.0187816
   1605    0.0180066
   1615     0.017046
   1625    0.0155346
   1635    0.0171042
   1645    0.0190984
   1655    0.0161428
   1665    0.0188573
   1672    0.0172994
   1677    0.0363562
   1685    0.0391261
   1695    0.0336412
   1705    0.0351049
   1715    0.0426768
   1725    0.0466529
   1735    0.0528912
   1745    0.0531222
   1755    0.0592314
   1765     0.050309
   1775    0.0574796
   1785    0.0608701
   1795    0.0742281
   1805    0.0705878
   1815    0.0720443
   1825    0.0680167
   1835    0.0620146
   1845    0.0555864
   1855    0.0654234
   1865    0.0760302
   1875    0.0741622
   1885    0.0767257
   1895     0.083377
   1905    0.0809446
   1915    0.0838553
   1925     0.075742
   1935    0.0598464
   1945    0.0878373
   1955    0.0969459
   1967      0.10659
   1976     0.104575
   1984     0.106483
   1995     0.104781
   2005    0.0976767
   2015    0.0951106
   2025    0.0900133
   2035     0.104397
   2045     0.114664
   2055     0.110732
   2065     0.107673
   2074     0.124033
   2078     0.152354
   2085      0.15643
   2095     0.147119
   2105      0.13604
   2115     0.140117
   2125     0.135432
   2135      0.12169
   2145     0.139713
   2155     0.142162
   2165     0.131128
   2175      0.13256
   2185     0.145984
   2195     0.154235
   2205     0.145367
   2215     0.125756
   2225     0.129239
   2235      0.15336
   2245     0.144952
   2255     0.124492
   2265     0.122844
   2275     0.135771
   2285     0.150882
   2295     0.140351
   2305     0.148513
   2315     0.134641
   2325      0.10123
   2335    0.0963728
   2345    0.0835634
   2355     0.113989
   2365    0.0877776
   2375    0.0946153
   2385    0.0692313
   2395    0.0769031
   2405    0.0795462
   2415    0.0933705
   2425     0.128784
   2435     0.134809
   2445     0.149201
   2455     0.153065
   2465     0.145991
   2475     0.131098
   2485     0.117513
   2495     0.121646
   2505     0.149526
   2513     0.102658
   2518    0.0790387
   2525    0.0822483
   2535    0.0964872
   2545     0.108877
   2555     0.137176
   2565     0.128233
   2575     0.142209
   2585     0.137812
   2595     0.127544
   2605     0.114791
   2615        0.109
   2625     0.140297
   2635     0.183049
   2645      0.23707
   2655     0.264473
   2665     0.216546
   2675      0.22981
   2685     0.236959
   2695     0.211509
   2705     0.222933
   2715     0.193703
   2725     0.186973
   2735     0.194938
   2745      0.13863
   2755     0.153048
   2765     0.180903
   2775     0.192942
   2785     0.137901
   2795    0.0697917
   2805    0.0856985
   2815     0.184841
   2825     0.246829
   2835     0.246167
   2845     0.221141
   2855     0.191167
   2865     0.254331
   2875     0.278623
   2885     0.272692
   2895     0.289676
   2910     0.338242
   2930     0.320786
   2950     0.311384
   2970      0.32598
   2990     0.334069
   3010     0.344585
   3030     0.348876
   3050     0.358227
   3070      0.37078
   3090      0.37908
   3110     0.386374
   3130     0.379809
   3150     0.383415
   3170     0.389092
   3190     0.364918
   3210     0.378031
   3230     0.357982
   3250     0.408116
   3270     0.446612
   3290     0.447181
   3310     0.445486
   3330     0.444606
   3350     0.432181
   3370      0.39696
   3390     0.408152
   3410     0.415252
   3430     0.424883
   3450     0.435253
   3470     0.441723
   3490     0.461757
   3510     0.474886
   3530     0.461831
   3550     0.481802
   3570     0.422373
   3590     0.416405
   3610     0.450448
   3630     0.464932
   3640     0.479348
   3650     0.517871
   3670     0.513977
   3690     0.483975
3704.66     0.477939
3704.88     0.474155
3705.11      0.47376
3705.33     0.473369
3705.55     0.472973
3705.78     0.472561
   3706     0.472155
3706.22     0.471745
3706.45     0.471319
3706.67       0.4709
3706.89     0.470479
3707.12     0.470046
3707.34     0.469621
3707.56     0.469195
3707.79     0.468758
3708.01     0.468322
3708.24     0.467885
3708.46     0.467462
3708.68      0.46704
3708.91      0.46661
3709.13     0.466194
3709.35     0.465783
3709.58     0.465365
 3709.8     0.464968
   3710     0.464669
3710.02     0.464029
3710.25     0.462626
3710.47     0.460847
 3710.7     0.459076
3710.92     0.457324
3711.14     0.455584
3711.37     0.453845
3711.59     0.452126
3711.81      0.45042
3712.04     0.448718
3712.26     0.447039
3712.48     0.445376
3712.71     0.443719
3712.93      0.44208
3713.16      0.44046
3713.38     0.438867
 3713.6     0.437296
3713.83     0.435739
3714.05     0.434213
3714.27     0.432712
 3714.5     0.431232
3714.72     0.429789
3714.94     0.428377
3715.17     0.426992
3715.39     0.425646
3715.62     0.424341
3715.84     0.423088
3716.06     0.421883
3716.29     0.420725
3716.51     0.419631
3716.73     0.418601
3716.96     0.417637
3717.18     0.416755
 3717.4     0.415957
3717.63     0.415248
3717.85     0.414642
3718.08     0.414146
 3718.3     0.413775
3718.52     0.413536
3718.75     0.413437
3718.97     0.413494
3719.19     0.413717
3719.42     0.414115
3719.64     0.414705
3719.86     0.415497
3720.09     0.416501
3720.31     0.417729
3720.53     0.419191
3720.76     0.420898
3720.98     0.422856
3721.21     0.425073
3721.43      0.42755
3721.65     0.430289
3721.88     0.433295
 3722.1     0.436559
3722.32     0.440079
3722.55     0.443846
3722.77     0.447843
3722.99     0.452057
3723.22     0.456471
3723.44     0.461062
3723.67       0.4658
3723.89     0.470651
3724.11     0.475588
3724.34     0.480579
3724.56     0.485574
3724.78     0.490537
3725.01     0.495434
3725.23     0.500211
3725.45     0.504826
3725.68     0.509244
 3725.9     0.513413
3726.13     0.517292
3726.35     0.520833
3726.57     0.524005
 3726.8     0.526782
3727.02     0.529116
3727.24      0.53099
3727.47     0.532391
3727.69     0.533285
3727.91     0.533669
3728.14     0.533547
3728.36     0.532911
3728.59     0.531766
3728.81     0.530114
3729.03      0.52798
3729.26       0.5254
3729.48     0.522378
 3729.7     0.518953
3729.93     0.515834
   3730     0.513691
3730.15     0.511912
3730.37      0.50931
 3730.6     0.506257
3730.82     0.502997
3731.05     0.499572
3731.27     0.496015
3731.49     0.492379
3731.72     0.488714
3731.94     0.485039
3732.16       0.4814
3732.39     0.477843
3732.61     0.474376
3732.83     0.471039
3733.06     0.467866
3733.28     0.464866
3733.51     0.462059
3733.73     0.459449
3733.95     0.457052
3734.18     0.454889
 3734.4     0.452941
3734.62     0.451223
3734.85     0.449742
3735.07     0.448473
3735.29     0.447423
3735.52     0.446592
3735.74     0.445952
3735.96     0.445503
3736.19     0.445243
3736.41     0.445152
3736.64     0.445216
3736.86     0.445413
3737.08     0.445742
3737.31     0.446197
3737.53      0.44675
3737.75     0.447398
3737.98     0.448136
 3738.2     0.448939
3738.42     0.449803
3738.65     0.450727
3738.87     0.451695
 3739.1     0.452698
3739.32     0.453722
3739.54     0.454766
3739.77     0.455832
3739.99     0.456901
3740.21     0.457973
3740.44      0.45905
3740.66     0.460118
3740.88     0.461176
3741.11     0.462226
3741.33     0.463262
3741.56      0.46428
3741.78     0.465273
   3742     0.466245
3742.23     0.467195
3742.45     0.468118
3742.67     0.469013
 3742.9     0.469881
3743.12     0.470717
3743.34     0.471524
3743.57     0.472298
3743.79     0.473038
3744.02     0.473744
3744.24     0.474415
3744.46     0.475051
3744.69     0.475648
3744.91     0.476211
3745.13     0.476734
3745.36     0.477215
3745.58     0.477661
 3745.8     0.478065
3746.03     0.478425
3746.25     0.478742
3746.48     0.479016
 3746.7     0.479252
3746.92     0.479444
3747.15     0.479585
3747.37     0.479688
3747.59     0.479745
3747.82     0.479749
3748.04     0.479713
3748.26     0.479631
3748.49     0.479489
3748.71     0.479311
3748.93     0.479082
3749.16     0.478599
   3750     0.452072
   3770     0.366657
   3790     0.565652
   3810     0.650101
   3830     0.547413
   3850      0.65204
   3870     0.687705
   3890     0.376972
   3910     0.712221
   3930     0.526715
   3950     0.629045
   3970     0.240797
   3990     0.818229
   4010     0.930239
   4030     0.941146
   4050     0.919891
   4070     0.893799
 4078.2     0.894412
4078.45     0.897606
 4078.7     0.897861
4078.94     0.898116
4079.19     0.898371
4079.43     0.898625
4079.68     0.898879
4079.93     0.899134
4080.17     0.899388
4080.42     0.899641
4080.66     0.899895
4080.91     0.900149
4081.16     0.900401
 4081.4     0.900653
4081.65     0.900904
 4081.9     0.901154
4082.14     0.901404
4082.39     0.901652
4082.63     0.901898
4082.88     0.902142
4083.13     0.902383
4083.37     0.902621
4083.62     0.902856
4083.86     0.903086
4084.11      0.90331
4084.36     0.903527
 4084.6     0.903737
4084.85     0.903935
 4085.1     0.904121
4085.34     0.904294
4085.59     0.904451
4085.83     0.904588
4086.08     0.904699
4086.33     0.904782
4086.57     0.904834
4086.82     0.904849
4087.06      0.90482
4087.31     0.904735
4087.56     0.904591
 4087.8     0.904384
4088.05     0.904092
 4088.3     0.903712
4088.54     0.903235
4088.79     0.902646
4089.03     0.901929
4089.28     0.901056
4089.53      0.90002
4089.77     0.898843
   4090     0.897821
4090.02     0.896633
4090.26     0.894199
4090.51      0.89083
4090.76     0.887199
   4091     0.883307
4091.25     0.879077
 4091.5     0.874513
4091.74     0.869629
4091.99     0.864371
4092.23     0.858718
4092.48     0.852595
4092.73     0.846029
4092.97     0.839062
4093.22      0.83156
4093.47     0.823572
4093.71     0.815162
4093.96     0.806263
 4094.2     0.796874
4094.45     0.786906
 4094.7     0.776455
4094.94      0.76564
4095.19     0.754389
4095.43      0.74273
4095.68     0.730581
4095.93     0.718095
4096.17     0.705441
4096.42      0.69243
4096.67     0.679246
4096.91     0.666082
4097.16     0.652882
 4097.4     0.639721
4097.65     0.626552
 4097.9     0.613586
4098.14     0.601029
4098.39      0.58884
4098.63     0.577101
4098.88     0.565793
4099.13      0.55511
4099.37     0.545233
4099.62     0.536041
4099.87     0.527702
4100.11     0.520349
4100.36      0.51395
 4100.6     0.508553
4100.85     0.504165
 4101.1     0.500865
4101.34     0.498685
4101.59       0.4976
4101.83     0.497607
4102.08     0.498725
4102.33     0.500922
4102.57     0.504122
4102.82     0.508372
4103.07     0.513576
4103.31     0.519601
4103.56     0.526441
 4103.8     0.534027
4104.05      0.54239
 4104.3     0.551356
4104.54      0.56073
4104.79      0.57053
4105.03     0.580673
4105.28     0.591199
4105.53     0.601908
4105.77     0.612588
4106.02     0.623416
4106.27      0.63419
4106.51     0.644713
4106.76     0.655051
   4107     0.665146
4107.25     0.675067
 4107.5     0.684644
4107.74     0.693724
4107.99     0.702395
4108.23     0.710628
4108.48     0.718497
4108.73     0.725889
4108.97     0.732702
4109.22     0.739109
4109.47     0.745023
4109.71     0.750375
4109.96     0.754295
   4110     0.757289
 4110.2     0.762184
4110.45     0.768598
 4110.7     0.774863
4110.94     0.780665
4111.19     0.786117
4111.44     0.791195
4111.68     0.795889
4111.93     0.800258
4112.17     0.804328
4112.42     0.808143
4112.67     0.811699
4112.91     0.814996
4113.16     0.818081
 4113.4     0.820972
4113.65       0.8237
 4113.9     0.826267
4114.14      0.82868
4114.39     0.830975
4114.64     0.833157
4114.88     0.835232
4115.13     0.837218
4115.37     0.839128
4115.62     0.840973
4115.87      0.84276
4116.11     0.844491
4116.36      0.84618
 4116.6     0.847831
4116.85      0.84945
 4117.1     0.851041
4117.34     0.852606
4117.59     0.854151
4117.84     0.855682
4118.08     0.857195
4118.33     0.858697
4118.57     0.860187
4118.82      0.86167
4119.07     0.863145
4119.31     0.864614
4119.56     0.866078
4119.81     0.867539
4120.05     0.868996
 4120.3     0.870449
4120.54       0.8719
4120.79     0.873349
4121.04     0.874796
4121.28     0.876243
4121.53     0.877688
4121.77     0.879132
4122.02     0.880574
4122.27     0.882016
4122.51     0.883457
4122.76     0.884898
4123.01     0.886339
4123.25     0.887779
 4123.5     0.889218
4123.74     0.890657
4123.99     0.892095
4124.24     0.893532
4124.48     0.894969
4124.73     0.896407
4124.97     0.897844
4125.22      0.89928
4125.47     0.900716
4125.71     0.902151
4125.96     0.903586
4126.21     0.905022
4126.45     0.906457
 4126.7     0.907891
4126.94     0.909324
4127.19     0.914772
   4130     0.932831
   4150     0.944257
   4170     0.946322
   4190     0.941426
   4210     0.944596
   4230     0.930782
   4250     0.942155
   4270     0.913584
   4290     0.877319
   4310     0.813536
4315.65      0.81571
4315.91     0.823667
4316.17     0.824873
4316.43     0.826078
4316.69     0.827283
4316.95     0.828488
4317.21     0.829693
4317.47     0.830897
4317.73     0.832101
4317.99     0.833304
4318.25     0.834508
4318.52     0.835711
4318.78     0.836913
4319.04     0.838116
 4319.3     0.839318
4319.56      0.84052
4319.82     0.841721
4320.08     0.842922
4320.34     0.844124
 4320.6     0.845324
4320.86     0.846525
4321.12     0.847725
4321.38     0.848925
4321.64     0.850124
 4321.9     0.851324
4322.16     0.852523
4322.42     0.853722
4322.68     0.854921
4322.94     0.856121
 4323.2     0.857319
4323.46     0.858517
4323.73     0.859714
4323.99     0.860912
4324.25      0.86211
4324.51     0.863307
4324.77     0.864505
4325.03     0.865701
4325.29     0.866898
4325.55     0.868093
4325.81     0.869287
4326.07      0.87048
4326.33     0.871669
4326.59     0.872854
4326.85     0.874035
4327.11     0.875207
4327.37      0.87637
4327.63      0.87752
4327.89     0.878652
4328.15     0.879759
4328.41     0.880836
4328.67      0.88187
4328.94     0.882849
 4329.2     0.883764
4329.46     0.884602
4329.72     0.885338
4329.98     0.885804
   4330     0.885732
4330.24     0.884618
 4330.5     0.882992
4330.76      0.88112
4331.02     0.878988
4331.28     0.876552
4331.54     0.873762
 4331.8     0.870562
4332.06     0.866894
4332.32     0.862696
4332.58     0.857902
4332.84     0.852447
 4333.1     0.846266
4333.36     0.839295
4333.62     0.831475
4333.88     0.822665
4334.15     0.812794
4334.41     0.802018
4334.67     0.790348
4334.93     0.777688
4335.19      0.76406
4335.45     0.749506
4335.71     0.734093
4335.97     0.717914
4336.23     0.701086
4336.49     0.683749
4336.75     0.666072
4337.01     0.648241
4337.27     0.630468
4337.53     0.612972
4337.79     0.595991
4338.05     0.579763
4338.31     0.564532
4338.57      0.55053
4338.83     0.537984
4339.09     0.527098
4339.35     0.517977
4339.62     0.510831
4339.88     0.505919
4340.14     0.503268
 4340.4     0.502853
4340.66     0.504677
4340.92     0.508694
4341.18     0.514824
4341.44     0.522947
 4341.7     0.532908
4341.96     0.544522
4342.22     0.557585
4342.48     0.571866
4342.74     0.587127
   4343     0.603124
4343.26     0.619609
4343.52     0.636345
4343.78     0.653102
4344.04     0.669667
 4344.3     0.686018
4344.57     0.701967
4344.83      0.71703
4345.09     0.731102
4345.35     0.744259
4345.61      0.75643
4345.87     0.767575
4346.13     0.777676
4346.39     0.786732
4346.65     0.794765
4346.91     0.801808
4347.17     0.807908
4347.43     0.813124
4347.69     0.817519
4347.95     0.821161
4348.21     0.824122
4348.47     0.826474
4348.73     0.828285
4348.99     0.829624
4349.25     0.830554
4349.51     0.831152
4349.78      0.83145
   4350     0.831513
4350.04     0.832559
 4350.3     0.834728
4350.56     0.837374
4350.82     0.839889
4351.08       0.8423
4351.34     0.844631
 4351.6     0.846902
4351.86      0.84913
4352.12     0.851326
4352.38     0.853501
4352.64     0.855664
 4352.9      0.85782
4353.16     0.859976
4353.42     0.862133
4353.68     0.864295
4353.94     0.866461
 4354.2     0.868634
4354.46     0.870815
4354.72     0.873001
4354.99     0.875195
4355.25     0.877394
4355.51     0.879598
4355.77     0.881808
4356.03     0.884023
4356.29     0.886241
4356.55     0.888463
4356.81     0.890687
4357.07     0.892915
4357.33     0.895144
4357.59     0.897374
4357.85     0.899605
4358.11     0.901838
4358.37     0.904071
4358.63     0.906304
4358.89     0.908538
4359.15     0.910773
4359.41     0.913007
4359.67     0.915241
4359.93     0.917475
 4360.2     0.919708
4360.46     0.921942
4360.72     0.924176
4360.98      0.92641
4361.24     0.928642
 4361.5     0.930874
4361.76     0.933105
4362.02     0.935336
4362.28     0.937566
4362.54     0.939796
 4362.8     0.942026
4363.06     0.944254
4363.32     0.946483
4363.58      0.94871
4363.84     0.950938
 4364.1     0.953164
4364.36     0.955391
4364.62     0.957616
4364.88     0.959841
4365.15     0.962066
4365.41      0.96429
4365.67     0.966513
4365.93     0.968736
4366.19     0.970959
4366.45     0.973181
4366.71     0.975402
4366.97     0.977623
4367.23     0.979843
4367.49     0.987108
   4370     0.993676
   4390     0.962582
   4410     0.976809
   4430       1.0025
   4450      1.01585
   4470       1.0449
   4490      1.06649
   4510      1.12518
   4530       1.0636
   4550      1.07453
   4570      1.11822
   4590      1.08911
   4610      1.09748
   4630      1.08117
   4650      1.09128
   4670      1.10939
   4690      1.08883
   4710      1.06473
   4730      1.09428
   4750      1.11385
   4770      1.10898
   4790      1.10237
   4810      1.09422
   4830      1.09636
4834.84      1.08146
4835.13      1.07454
4835.42      1.07302
4835.71      1.07151
   4836      1.06999
4836.29      1.06847
4836.59      1.06696
4836.88      1.06544
4837.17      1.06393
4837.46      1.06242
4837.75       1.0609
4838.05      1.05939
4838.34      1.05788
4838.63      1.05636
4838.92      1.05485
4839.21      1.05334
 4839.5      1.05183
 4839.8      1.05032
4840.09      1.04881
4840.38       1.0473
4840.67      1.04579
4840.96      1.04428
4841.26      1.04278
4841.55      1.04127
4841.84      1.03977
4842.13      1.03827
4842.42      1.03677
4842.72      1.03527
4843.01      1.03378
 4843.3      1.03229
4843.59       1.0308
4843.88      1.02932
4844.17      1.02784
4844.47      1.02637
4844.76      1.02491
4845.05      1.02345
4845.34      1.02201
4845.63      1.02056
4845.93      1.01913
4846.22      1.01772
4846.51      1.01632
 4846.8      1.01492
4847.09      1.01355
4847.38      1.01218
4847.68      1.01083
4847.97      1.00948
4848.26      1.00816
4848.55      1.00682
4848.84      1.00548
4849.14      1.00413
4849.43      1.00276
4849.72      1.00137
   4850      1.00027
4850.01     0.999506
 4850.3     0.998133
4850.59     0.996266
4850.89     0.994262
4851.18     0.992101
4851.47     0.989752
4851.76     0.987157
4852.05     0.984245
4852.35     0.980949
4852.64     0.977258
4852.93     0.973118
4853.22     0.968439
4853.51     0.963098
4853.81     0.957011
 4854.1     0.950213
4854.39      0.94266
4854.68      0.93424
4854.97     0.924904
4855.26     0.914516
4855.56      0.90303
4855.85     0.890642
4856.14     0.877391
4856.43     0.863209
4856.72     0.848008
4857.02     0.831854
4857.31     0.815148
 4857.6     0.798037
4857.89     0.780534
4858.18     0.762803
4858.47     0.744897
4858.77     0.727046
4859.06     0.709778
4859.35     0.693297
4859.64     0.677705
4859.93     0.663098
4860.23     0.649728
4860.52     0.638022
4860.81       0.6281
 4861.1      0.62001
4861.39     0.613865
4861.68     0.609739
4861.98     0.607723
4862.27     0.607813
4862.56     0.609919
4862.85     0.613974
4863.14     0.619956
4863.44     0.627763
4863.73     0.637035
4864.02     0.647533
4864.31     0.659151
 4864.6     0.671816
 4864.9     0.685315
4865.19     0.699122
4865.48     0.713008
4865.77      0.72691
4866.06     0.740637
4866.35     0.754167
4866.65     0.767332
4866.94     0.779706
4867.23       0.7912
4867.52     0.801877
4867.81     0.811786
4868.11     0.820872
 4868.4     0.828904
4868.69     0.835904
4868.98     0.842001
4869.27     0.847228
4869.56     0.851686
4869.86     0.854976
   4870     0.857244
4870.15     0.861325
4870.44     0.866936
4870.73     0.872794
4871.02      0.87815
4871.32     0.883053
4871.61     0.887509
 4871.9     0.891587
4872.19     0.895361
4872.48     0.898879
4872.77     0.902191
4873.07     0.905331
4873.36     0.908312
4873.65     0.911168
4873.94     0.913929
4874.23      0.91662
4874.53     0.919258
4874.82     0.921846
4875.11       0.9244
 4875.4      0.92693
4875.69     0.929444
4875.98     0.931947
4876.28     0.934443
4876.57     0.936934
4876.86     0.939422
4877.15      0.94191
4877.44     0.944399
4877.74     0.946889
4878.03     0.949379
4878.32     0.951872
4878.61     0.954366
 4878.9     0.956863
 4879.2      0.95936
4879.49      0.96186
4879.78     0.964357
4880.07     0.966857
4880.36     0.969358
4880.65     0.971859
4880.95      0.97436
4881.24     0.976861
4881.53     0.979361
4881.82     0.981862
4882.11     0.984363
4882.41     0.986863
 4882.7     0.989363
4882.99     0.991864
4883.28     0.994363
4883.57     0.996861
4883.86     0.999359
4884.16      1.00186
4884.45      1.00435
4884.74      1.00685
4885.03      1.00935
4885.32      1.01184
4885.62      1.01434
4885.91      1.01683
 4886.2      1.01932
4886.49      1.02182
4886.78      1.02431
4887.07       1.0268
4887.37      1.02929
4887.66      1.03178
4887.95      1.03427
4888.24      1.03676
4888.53      1.03925
4888.83      1.04174
4889.12      1.04423
4889.41      1.04671
 4889.7      1.04922
   4890      1.05143
4890.29      1.05189
4890.58      1.05203
4890.87      1.05217
4891.16      1.05232
4891.45      1.05246
4891.74      1.05261
4892.04      1.05275
4892.33       1.0529
4892.62      1.05304
4892.91      1.05706
   4910       1.0585
4928.77      1.04657
4929.07       1.0438
4929.36      1.04351
4929.66      1.04322
4929.96      1.04296
   4930      1.04301
4930.26      1.04339
4930.55      1.04392
4930.85      1.04448
4931.15      1.04504
4931.45      1.04559
4931.74      1.04615
4932.04      1.04671
4932.34      1.04726
4932.64      1.04781
4932.93      1.04837
4933.23      1.04892
4933.53      1.04946
4933.83      1.05001
4934.12      1.05056
4934.42      1.05111
4934.72      1.05166
4935.02      1.05221
4935.31      1.05274
4935.61      1.05329
4935.91      1.05384
4936.21      1.05438
 4936.5      1.05491
 4936.8      1.05546
 4937.1        1.056
 4937.4      1.05653
4937.69      1.05707
4937.99      1.05761
4938.29      1.05815
4938.59      1.05868
4938.88      1.05922
4939.18      1.05976
4939.48      1.06029
4939.78      1.06083
4940.07      1.06136
4940.37       1.0619
4940.67      1.06244
4940.97      1.06297
4941.26      1.06351
4941.56      1.06404
4941.86      1.06458
4942.16      1.06511
4942.45      1.06566
4942.75       1.0662
4943.05      1.06675
4943.35      1.06729
4943.64      1.06785
4943.94       1.0684
4944.24      1.06896
4944.54      1.06952
4944.83       1.0701
4945.13      1.07067
4945.43      1.07126
4945.73      1.07186
4946.02      1.07245
4946.32      1.07307
4946.62       1.0737
4946.92      1.07433
4947.21      1.07498
4947.51      1.07564
4947.81      1.07632
4948.11      1.07702
 4948.4      1.07773
 4948.7      1.07846
   4949      1.07922
 4949.3      1.07998
4949.59      1.08077
4949.89      1.08143
   4950      1.08187
4950.19      1.08197
4950.49      1.08207
4950.78      1.08221
4951.08      1.08236
4951.38      1.08254
4951.68      1.08273
4951.97      1.08296
4952.27      1.08318
4952.57      1.08342
4952.87      1.08367
4953.16      1.08392
4953.46      1.08419
4953.76      1.08446
4954.06      1.08472
4954.35      1.08498
4954.65      1.08523
4954.95      1.08547
4955.25      1.08569
4955.54       1.0859
4955.84      1.08608
4956.14      1.08624
4956.44      1.08637
4956.73      1.08646
4957.03      1.08651
4957.33      1.08654
4957.63      1.08652
4957.92      1.08646
4958.22      1.08637
4958.52      1.08622
4958.82      1.08604
4959.11      1.08581
4959.41      1.08554
4959.71      1.08523
4960.01      1.08488
 4960.3      1.08449
 4960.6      1.08407
 4960.9      1.08362
 4961.2      1.08314
4961.49      1.08263
4961.79       1.0821
4962.09      1.08155
4962.39      1.08098
4962.68      1.08041
4962.98      1.07982
4963.28      1.07924
4963.58      1.07864
4963.87      1.07806
4964.17      1.07748
4964.47       1.0769
4964.77      1.07633
4965.06      1.07578
4965.36      1.07524
4965.66      1.07472
4965.96      1.07421
4966.25      1.07373
4966.55      1.07326
4966.85       1.0728
4967.15      1.07237
4967.44      1.07196
4967.74      1.07157
4968.04       1.0712
4968.34      1.07084
4968.63      1.07051
4968.93      1.07018
4969.23      1.06988
4969.53      1.06959
4969.82      1.06932
   4970      1.06913
4970.12      1.06856
4970.42      1.06763
4970.72      1.06655
4971.02      1.06549
4971.31      1.06444
4971.61      1.06339
4971.91      1.06236
4972.21      1.06133
 4972.5       1.0603
 4972.8      1.05928
 4973.1      1.05825
 4973.4      1.05724
4973.69      1.05623
4973.99      1.05521
4974.29       1.0542
4974.58      1.05318
4974.88      1.05217
4975.18      1.05116
4975.48      1.05014
4975.78      1.04913
4976.07      1.04812
4976.37      1.04724
4976.48      1.04667
4976.67      1.04614
4976.78      1.04564
4976.97      1.04512
4977.08      1.04462
4977.26      1.04409
4977.38      1.04359
4977.56      1.04306
4977.68      1.04255
4977.86      1.04202
4977.98      1.04152
4978.16      1.04099
4978.28      1.04048
4978.45      1.03995
4978.58      1.03944
4978.75      1.03891
4978.88       1.0384
4979.05      1.03787
4979.18      1.03735
4979.35      1.03682
4979.48       1.0363
4979.64      1.03578
4979.78      1.03526
4979.94      1.03472
4980.08       1.0342
4980.24      1.03367
4980.39      1.03315
4980.54      1.03262
4980.69      1.03208
4980.83      1.03155
4980.99      1.03103
4981.13      1.03049
4981.29      1.02995
4981.43      1.02943
4981.59      1.02889
4981.73      1.02836
4981.89      1.02782
4982.02      1.02729
4982.19      1.02674
4982.32      1.02622
4982.49      1.02567
4982.62      1.02514
4982.79      1.02459
4982.92      1.02405
4983.09       1.0235
4983.21      1.02297
4983.39      1.02242
4983.51      1.02188
4983.69      1.02133
4983.81       1.0208
4983.99      1.02024
4984.11       1.0197
4984.29      1.01914
 4984.4      1.01861
4984.59      1.01804
 4984.7      1.01752
4984.89      1.01695
   4985      1.01641
4985.19      1.01584
 4985.3      1.01531
4985.49      1.01474
4985.59      1.01421
4985.79      1.01363
4985.89       1.0131
4986.09      1.01252
4986.19        1.012
4986.39      1.01141
4986.49      1.01088
4986.69      1.01031
4986.78      1.00977
4986.99      1.00919
4987.08      1.00866
4987.29      1.00807
4987.38      1.00754
4987.59      1.00696
4987.68      1.00643
 4987.9      1.00584
4987.97      1.00531
 4988.2      1.00454
 4988.5      1.00348
 4988.8      1.00236
 4989.1      1.00124
 4989.4      1.00012
 4989.7     0.999003
   4990     0.997927
 4990.3     0.997091
 4990.6     0.996293
 4990.9     0.995505
 4991.2     0.994716
 4991.5     0.993946
 4991.8     0.993186
 4992.1     0.992435
 4992.4     0.991695
 4992.7     0.990975
   4993     0.990275
 4993.3     0.989585
 4993.6     0.988926
 4993.9     0.988297
 4994.2      0.98769
 4994.5     0.987123
 4994.8     0.986578
 4995.1     0.986083
4995.41     0.985617
4995.71     0.985205
4996.01     0.984837
4996.31      0.98452
4996.61     0.984256
4996.91     0.984054
4997.21     0.983904
4997.51     0.983818
4997.81     0.983784
4998.11     0.983823
4998.41     0.983925
4998.71     0.984091
4999.01      0.98431
4999.31     0.984603
4999.61      0.98495
4999.91     0.985351
5000.21     0.985796
5000.51     0.986295
5000.81     0.986828
5001.11     0.987396
5001.41     0.987999
5001.71     0.988606
5002.01     0.989218
5002.31     0.989835
5002.61     0.990437
5002.92     0.991013
5003.22     0.991555
5003.52     0.992053
5003.82     0.992497
5004.12     0.992866
5004.42     0.993161
5004.72     0.993372
5005.02     0.993478
5005.32      0.99349
5005.62     0.993378
5005.92     0.993162
5006.22     0.992812
5006.52     0.992338
5006.82      0.99174
5007.12     0.991008
5007.42     0.990152
5007.72     0.989172
5008.02     0.988069
5008.32     0.986841
5008.62     0.985509
5008.92     0.984084
5009.22     0.982554
5009.52      0.98094
5009.82     0.979414
   5010     0.978354
5010.12     0.978012
5010.42     0.977609
5010.73      0.97712
5011.03     0.976599
5011.33     0.976056
5011.63     0.975501
5011.93     0.974946
5012.23     0.974401
5012.53     0.973874
5012.83     0.973374
5013.13     0.972909
5013.43     0.972484
5013.73     0.972108
5014.03     0.971783
5014.33     0.971514
5014.63     0.971305
5014.93     0.971158
5015.23     0.971073
5015.53     0.971053
5015.83     0.971098
5016.13     0.971205
5016.43     0.971375
5016.73     0.971606
5017.03     0.971896
5017.33     0.972241
5017.63      0.97264
5017.93     0.973091
5018.23      0.97359
5018.54     0.974135
5018.84     0.974721
5019.14     0.975343
5019.44        0.976
5019.74     0.976689
5020.04     0.977407
5020.34     0.978152
5020.64     0.978919
5020.94     0.979709
5021.24     0.980517
5021.54     0.981341
5021.84      0.98218
5022.14     0.983032
5022.44     0.983895
5022.74     0.984768
5023.04     0.985647
5023.34     0.986535
5023.64     0.987428
5023.94     0.988322
5024.24     0.989225
5024.54     0.990137
5024.84     0.991039
5025.14      0.99195
5025.44     0.992861
5025.74     0.993772
5026.04     0.994683
5026.35     0.995605
5026.65     0.996515
5026.95     0.997432
5027.25     0.998337
5027.55     0.999251
5027.85      1.00015
5028.15      1.00107
5028.45      1.00197
5028.75      1.00287
5029.05      1.00378
5029.35      1.00468
5029.65      1.00557
5029.95      1.00627
   5030      1.00666
5030.25      1.00671
5030.55      1.00679
5030.85      1.00688
5031.15      1.00696
5031.45      1.00705
5031.75      1.00714
5032.05      1.00721
5032.35       1.0073
5032.65      1.00736
5032.95      1.00744
5033.25      1.00752
5033.55      1.00758
5033.85      1.00765
5034.16       1.0077
5034.46      1.00777
5034.76      1.00783
5035.06      1.00788
5035.36      1.00793
5035.66      1.00797
5035.96      1.00802
5036.26      1.00965
   5050      1.01357
   5070      1.03253
   5090      1.00523
   5110      1.00772
   5130     0.982472
   5150     0.950283
   5170     0.914113
   5190     0.925426
   5210      0.96222
   5230     0.996187
   5250      1.00959
   5270     0.952136
   5290      1.01707
   5310      1.04459
   5330     0.985673
   5350      1.02329
   5370      1.02347
   5390       1.0048
   5410     0.989668
   5430      1.00061
   5450      1.01804
   5470      1.00419
   5490      1.00385
   5510     0.997502
   5530      1.00933
   5550       1.0155
   5570     0.998404
   5590     0.984829
   5610      1.00041
   5630     0.998668
   5650     0.998744
   5670     0.984392
   5690     0.993887
   5710      0.98343
   5730      1.02018
   5750      1.00291
   5770      1.00039
   5790     0.981005
   5810     0.999314
   5830      1.01299
   5850     0.995511
   5870     0.983543
   5890     0.939335
   5910     0.970103
   5930     0.976245
   5950      0.97606
   5970     0.980608
   5990     0.968167
   6010     0.957035
   6030     0.967953
   6050     0.977923
   6070     0.971889
   6090     0.948898
   6110     0.939589
   6130     0.910289
   6150     0.912489
   6170     0.896623
   6190     0.922169
   6210     0.918673
   6230     0.895419
   6250     0.875297
   6270     0.899202
   6290     0.907146
   6310     0.892126
   6330     0.895048
   6350     0.894675
   6370     0.891615
   6390     0.895787
   6410     0.883509
   6430     0.884839
   6450     0.879954
   6470      0.87435
   6490     0.862833
   6510     0.874298
6523.64      0.87428
6524.04      0.87413
6524.43      0.87402
6524.82      0.87391
6525.22     0.873799
6525.61     0.873689
   6526     0.873579
 6526.4     0.873469
6526.79     0.873359
6527.19     0.873249
6527.58     0.873139
6527.97     0.873029
6528.37     0.872919
6528.76     0.872809
6529.15     0.872699
6529.55     0.872589
6529.94      0.87248
   6530     0.872339
6530.34     0.871764
6530.73        0.871
6531.12      0.87021
6531.52     0.869421
6531.91     0.868632
 6532.3     0.867843
 6532.7     0.867055
6533.09     0.866267
6533.49     0.865479
6533.88     0.864692
6534.27     0.863906
6534.67     0.863121
6535.06     0.862337
6535.46     0.861554
6535.85     0.860772
6536.24     0.859992
6536.64     0.859215
6537.03     0.858441
6537.42     0.857669
6537.82     0.856901
6538.21     0.856138
 6538.6     0.855381
   6539     0.854631
6539.39     0.853889
6539.79     0.853157
6540.18     0.852437
6540.57     0.851731
6540.97     0.851042
6541.36     0.850371
6541.76     0.849724
6542.15     0.849102
6542.54     0.848511
6542.94     0.847956
6543.33     0.847441
6543.72     0.846972
6544.12     0.846554
6544.51     0.846195
6544.91     0.845902
 6545.3     0.845682
6545.69      0.84554
6546.09     0.845485
6546.48     0.845522
6546.87     0.845655
6547.27     0.845891
6547.66     0.846226
6548.06     0.846662
6548.45     0.847194
6548.84     0.847811
6549.24     0.848491
6549.63     0.849203
   6550     0.849727
6550.02     0.849925
6550.42     0.849849
6550.81     0.849701
6551.21     0.849398
 6551.6     0.848878
6551.99     0.848041
6552.39     0.846762
6552.78     0.844972
6553.17     0.842526
6553.57     0.839264
6553.96     0.835081
6554.36     0.829853
6554.75     0.823532
6555.14     0.815966
6555.54     0.807006
6555.93     0.796672
6556.33     0.784963
6556.72     0.772034
6557.11     0.757881
6557.51     0.742528
 6557.9     0.726415
6558.29     0.709673
6558.69     0.692476
6559.08     0.675293
6559.48       0.6585
6559.87     0.642599
6560.26     0.627859
6560.66     0.614561
6561.05     0.603237
6561.44     0.594095
6561.84     0.587334
6562.23     0.583204
6562.63     0.581799
6563.02     0.583098
6563.41     0.587022
6563.81     0.593471
 6564.2     0.602104
6564.59     0.612684
6564.99     0.624973
6565.38     0.638509
6565.78     0.652892
6566.17     0.667589
6566.56     0.682341
6566.96     0.696916
6567.35     0.710865
6567.75      0.72391
6568.14     0.735721
6568.53     0.746252
6568.93     0.755493
6569.32      0.76319
6569.71     0.769039
   6570     0.772707
6570.11       0.7767
 6570.5     0.782228
 6570.9      0.78792
6571.29     0.792418
6571.68     0.795908
6572.08     0.798559
6572.47     0.800439
6572.86     0.801713
6573.26     0.802526
6573.65     0.802965
6574.05     0.803132
6574.44     0.803112
6574.83     0.802989
6575.23     0.802834
6575.62     0.802686
6576.01     0.802589
6576.41     0.802576
 6576.8     0.802666
 6577.2     0.802873
6577.59     0.803205
6577.98     0.803668
6578.38      0.80426
6578.77     0.804978
6579.16     0.805817
6579.56     0.806772
6579.95     0.807833
6580.35     0.808993
6580.74     0.810243
6581.13     0.811575
6581.53     0.812981
6581.92     0.814452
6582.31     0.815983
6582.71     0.817563
 6583.1     0.819191
 6583.5     0.820856
6583.89     0.822556
6584.28     0.824284
6584.68     0.826038
6585.07     0.827814
6585.46     0.829609
6585.86     0.831419
6586.25     0.833242
6586.65     0.835076
6587.04     0.836919
6587.43     0.838769
6587.83     0.840625
6588.22     0.842487
6588.62     0.844352
6589.01     0.846221
 6589.4     0.848091
 6589.8     0.849725
   6590     0.850822
6590.19     0.851114
6590.58     0.851342
6590.98     0.851619
6591.37     0.851898
6591.77     0.852177
6592.16     0.852457
6592.55     0.852737
6592.95     0.853018
6593.34     0.853298
6593.73     0.853579
6594.13      0.85386
6594.52     0.854142
6594.92     0.854423
6595.31     0.854704
 6595.7     0.854985
 6596.1     0.855266
6596.49     0.855547
6596.88     0.855829
6597.28      0.85611
6597.67     0.856391
6598.07     0.856672
6598.46     0.856952
6598.85     0.857233
6599.25     0.857514
6599.64     0.857795
6600.04     0.858075
6600.43     0.858356
6600.82     0.858636
6601.22     0.858916
6601.61     0.859197
   6602     0.861324
   6610     0.864661
   6630     0.860696
   6650     0.856901
   6670     0.846262
   6690     0.849679
   6710     0.833243
   6730     0.839639
   6750     0.831842
   6770     0.831141
   6790     0.824907
   6810     0.824052
   6830     0.825432
   6850     0.812723
   6870      0.81795
   6890     0.823623
   6910     0.819796
   6930     0.813964
   6950      0.81069
   6970     0.813008
   6990     0.808394
   7010     0.797251
   7030     0.804644
   7050     0.806033
   7070     0.791333
   7090     0.775229
   7110      0.76052
   7130     0.749792
   7150     0.747196
   7170     0.747583
   7190     0.736384
   7210       0.7453
   7230     0.753772
   7250      0.75634
   7270     0.755547
   7290     0.746903
   7310     0.755488
   7330     0.758007
   7350     0.761962
   7370     0.769357
   7390     0.758249
   7410     0.753296
   7430     0.762667
   7450      0.76497
   7470      0.76899
   7490     0.767817
   7510     0.772241
   7530     0.779043
   7550     0.782102
   7570      0.77752
   7590     0.766901
   7610     0.756502
   7630     0.745929
   7650     0.733077
   7670     0.713149
   7690      0.71855
   7710     0.710973
   7730     0.709262
   7750     0.705246
   7770     0.709366
   7790     0.713367
   7810     0.711267
   7830     0.704792
   7850     0.699034
   7870     0.702088
   7890     0.693533
   7910     0.681171
   7930     0.677982
   7950     0.675821
   7970     0.688586
   7990     0.690068
   8010     0.690995
   8030     0.691417
   8050     0.690579
   8070     0.692718
   8090      0.68737
   8110     0.692012
   8130     0.703468
   8150     0.709057
   8170     0.710588
   8190      0.69658
   8210      0.68599
   8230     0.685843
   8250      0.68661
   8270       0.6905
   8290     0.683763
   8310     0.667199
   8330      0.66151
   8350     0.661565
   8370     0.661484
   8390     0.649701
   8410      0.65626
   8430     0.638448
   8450      0.62791
   8470     0.626727
   8490     0.628506
   8510     0.610658
   8530     0.624626
   8550     0.603329
   8570     0.635846
   8590     0.631301
   8610     0.633315
   8630     0.646713
   8650     0.641478
   8670     0.602988
   8690     0.629112
   8710     0.648317
   8730     0.648584
   8750     0.635067
   8770     0.650773
   8790     0.658421
   8810     0.651559
   8830     0.652313
   8850     0.642289
   8870     0.619107
   8890     0.633647
   8910     0.640901
   8930     0.633161
   8950     0.632644
   8970     0.633115
   8990     0.627831
   9010     0.605887
   9030     0.625214
   9050     0.646178
   9070     0.646187
   9090     0.637638
   9110     0.644385
   9130     0.652719
   9150     0.650348
   9170     0.649427
   9190     0.649372
   9210     0.626015
   9230     0.601017
   9250      0.60747
   9270     0.613909
   9290     0.611941
   9310     0.613924
   9330     0.613865
   9350     0.610673
   9370     0.604446
   9390     0.607692
   9410     0.599667
   9430     0.608736
   9450     0.605763
   9470     0.613947
   9490     0.613763
   9510     0.604588
   9530     0.598714
   9550      0.58245
   9570     0.595853
   9590     0.606499
   9610     0.602203
   9630     0.601299
   9650      0.59517
   9670     0.594376
   9690     0.598722
   9710     0.592344
   9730     0.586021
   9750     0.583034
   9770     0.583292
   9790     0.579703
   9810     0.586287
   9830      0.58377
   9850     0.583929
   9870     0.580564
   9890     0.578798
   9910     0.577112
   9930     0.578774
   9950     0.579409
   9970     0.578899
   9990     0.576384
  10025     0.570985
  10075     0.563901
  10125      0.57005
  10175     0.566824
  10225     0.567036
  10275     0.566521
  10325      0.56011
  10375     0.555803
  10425     0.554425
  10475     0.546255
  10525     0.538822
  10575     0.528872
  10625     0.521869
  10675     0.516824
  10725     0.518061
  10775     0.514004
  10825     0.507362
  10875     0.502422
  10925     0.494811
  10975     0.492312
  11025     0.490714
  11075     0.484523
  11125     0.481189
  11175      0.47748
  11225     0.475593
  11275     0.469924
  11325     0.467216
  11375     0.463955
  11425     0.459887
  11475     0.461717
  11525     0.459529
  11575     0.453793
  11625     0.447381
  11675     0.445267
  11725     0.444373
  11775     0.435898
  11825     0.430083
  11875      0.42435
  11925     0.425838
  11975     0.417648
  12025     0.420055
  12075     0.417708
  12125     0.416882
  12175     0.416396
  12225     0.413359
  12275     0.409784
  12325     0.406585
  12375     0.404008
  12425     0.399406
  12475     0.396539
  12525      0.39279
  12575     0.390006
  12625     0.387221
  12675       0.3841
  12725     0.382794
  12775     0.379107
  12825     0.367283
  12875     0.372054
  12925     0.370812
  12975     0.371382
  13025     0.367891
  13075     0.366033
  13125       0.3599
  13175     0.356686
  13225     0.354616
  13275     0.349263
  13325     0.347385
  13375      0.34382
  13425     0.342454
  13475      0.33903
  13525     0.335358
  13575     0.330095
  13625     0.327938
  13675     0.328003
  13725     0.327776
  13775     0.326743
  13825     0.325771
  13875     0.321709
  13925      0.31207
  13975     0.308386
  14025     0.305282
  14075     0.305516
  14125     0.302974
  14175     0.303461
  14225     0.299981
  14275     0.296747
  14325     0.299548
  14375     0.299792
  14425     0.294577
  14475     0.297128
  14525     0.295188
  14570     0.295346
  14620     0.291325
  14675     0.289122
  14725     0.286523
  14775     0.287008
  14825     0.287186
  14875     0.285697
  14925     0.289317
  14975     0.287296
  15025     0.284306
  15075     0.283963
  15125     0.287219
  15175     0.288021
  15225     0.287657
  15275     0.288508
  15325     0.287548
  15375     0.286565
  15425     0.284665
  15475      0.28437
  15525      0.28154
  15575     0.275747
  15625     0.276814
  15675     0.275865
  15725     0.277286
  15775     0.267463
  15825     0.265711
  15875     0.264264
  15925     0.269929
  15975     0.268489
  16050     0.269794
  16150     0.270221
  16250      0.26721
  16350     0.268178
  16450     0.262183
  16550     0.264109
  16650     0.260953
  16750     0.257127
  16850      0.25318
  16950     0.252937
  17050     0.248671
  17150     0.244211
  17250     0.237729
  17350     0.230002
  17450     0.226228
  17550     0.221518
  17650     0.215652
  17750     0.209308
  17850     0.204167
  17950     0.198052
  18050     0.192123
  18150     0.186928
  18250     0.184462
  18350     0.181741
  18450     0.177646
  18550     0.174499
  18650     0.169488
  18750     0.164848
  18850     0.164254
  18950      0.16037
  19050     0.160721
  19150     0.158635
  19250     0.156349
  19350     0.152608
  19450      0.14863
  19550     0.147932
  19650     0.145404
  19750     0.142182
  19850     0.140234
  19950     0.138624
  20050     0.137593
  20150     0.135864
  20250     0.133221
  20350     0.131866
  20450     0.131541
  20550     0.130032
  20650     0.128475
  20750     0.127384
  20850     0.125944
  20950     0.124368
  21050     0.123824
  21150     0.122263
  21250     0.120952
  21350     0.120241
  21450     0.118941
  21550     0.117186
  21650     0.114675
  21750     0.113684
  21850     0.112657
  21950     0.111311
  22050     0.109242
  22150     0.108427
  22250     0.106415
  22350     0.105002
  22450     0.103668
  22550     0.102292
  22650     0.100523
  22750    0.0995773
  22850    0.0962944
  22950    0.0868927
  23050    0.0884276
  23150    0.0870147
  23250    0.0794349
  23350    0.0810638
  23450    0.0786424
  23550    0.0730748
  23650     0.075168
  23750    0.0730123
  23850    0.0684654
  23950    0.0698531
  24050    0.0685172
  24150    0.0644321
  24250     0.064833
  24350    0.0635003
  24450    0.0605062
  24550    0.0592211
  24650    0.0591112
  24750    0.0568369
  24850     0.053515
  24950    0.0529882
  25050    0.0530507
  25150    0.0506043
  25250    0.0509228
  25350    0.0507502
  25450    0.0497741
  25550    0.0492632
  25650    0.0492168
  25750     0.049231
  25850     0.047856
  25950    0.0479033
  26050    0.0479068
  26150    0.0469631
  26250    0.0461296
  26350    0.0462493
  26450    0.0458807
  26550    0.0452187
  26650    0.0444657
  26750    0.0446545
  26850    0.0442832
  26950    0.0434073
  27050    0.0432672
  27150    0.0428842
  27250    0.0425454
  27350    0.0417875
  27450    0.0415482
  27550    0.0411272
  27650    0.0405815
  27750    0.0400043
  27850    0.0398513
  27950    0.0396264
  28050    0.0391145
  28150    0.0385769
  28250     0.038312
  28350    0.0380205
  28450    0.0375797
  28550    0.0371716
  28650    0.0367824
  28750    0.0362865
  28850    0.0360115
  28950    0.0357072
  29050    0.0353792
  29150    0.0350153
  29250    0.0344799
  29350    0.0343061
  29450    0.0338911
  29550    0.0335886
  29650    0.0333268
  29750    0.0329639
  29850       0.0326
  29950    0.0322593
  30050    0.0319418
  30150    0.0317353
  30250    0.0313376
  30350    0.0309083
  30450    0.0308186
  30550    0.0305663
  30650    0.0303262
  30750    0.0301035
  30850    0.0297814
  30950    0.0296206
  31050    0.0294304
  31150    0.0290397
  31250    0.0288886
  31350    0.0286578
  31450    0.0284163
  31550    0.0281569
  31650    0.0278787
  31750    0.0276868
  31850    0.0274778
  31950    0.0272872
  32100    0.0269413
  32300    0.0265118
  32500    0.0260941
  32700     0.025622
  32900    0.0250978
  33100    0.0247504
  33300    0.0243669
  33500    0.0239902
  33700    0.0235601
  33900    0.0231325
  34100    0.0227077
  34300    0.0223548
  34500    0.0219745
  34700    0.0215683
  34900    0.0211911
  35100    0.0208219
  35300    0.0204173
  35500    0.0200621
  35700     0.019684
  35900    0.0193297
  36100    0.0190264
  36300    0.0186695
  36500    0.0182997
  36700    0.0179512
  36900    0.0175723
  37100    0.0172403
  37300    0.0169367
  37500    0.0165635
  37700    0.0163257
  37900    0.0160246
  38100    0.0157532
  38300    0.0154914
  38500     0.015213
  38700    0.0148878
  38900    0.0146157
  39100    0.0143473
  39300    0.0140893
  39500    0.0137816
  39700    0.0135247
  39900    0.0132311
  40100    0.0130145
  40300    0.0127887
  40500    0.0125109
  40700    0.0123105
  40900    0.0120991
  41100    0.0118969
  41300    0.0116891
  41500    0.0114672
  41700    0.0112488
  41900     0.011062
  42100    0.0108587
  42300    0.0107051
  42500     0.010508
  42700    0.0102974
  42900   0.00982162
  43100   0.00937434
  43300   0.00925294
  43500   0.00888821
  43700   0.00862752
  43900   0.00842844
  44100    0.0081217
  44300   0.00797664
  44500   0.00781864
  44700   0.00759029
  44900     0.007524
  45100   0.00735759
  45300    0.0071794
  45500   0.00712577
  45700   0.00702772
  45900   0.00683872
  46100   0.00680518
  46300    0.0066938
  46500   0.00658826
  46700   0.00653954
  46900   0.00644258
  47100   0.00633655
  47300   0.00630427
  47500    0.0061904
  47700   0.00610644
  47900   0.00602889
  48100   0.00591946
  48300    0.0058974
  48500   0.00579775
  48700   0.00569242
  48900   0.00561318
  49100   0.00553792
  49300   0.00545741
  49500   0.00537115
  49700     0.005323
  49900   0.00523915
  50100   0.00517944
  50300   0.00510786
  50500   0.00501674
  50700   0.00496384
  50900   0.00489751
  51100   0.00481911
  51300   0.00476397
  51500   0.00470309
  51700   0.00466717
  51900    0.0045968
  52100   0.00453742
  52300    0.0044678
  52500   0.00442769
  52700   0.00439327
  52900   0.00430532
  53100   0.00424347
  53300   0.00420326
  53500   0.00415196
  53700   0.00410351
  53900   0.00405517
  54100   0.00400361
  54300   0.00394093
  54500   0.00390904
  54700    0.0038519
  54900    0.0038089
  55100    0.0037647
  55300   0.00375067
  55500   0.00367637
  55700   0.00364973
  55900   0.00359861
  56100   0.00356341
  56300   0.00350803
  56500   0.00348076
  56700   0.00343837
  56900   0.00338499
  57100   0.00336198
  57300   0.00332395
  57500   0.00328346
  57700   0.00324268
  57900   0.00321379
  58100   0.00316911
  58300   0.00313342
  58500   0.00309691
  58700   0.00305222
  58900   0.00301687
  59100   0.00298068
  59300   0.00295306
  59500   0.00291551
  59700   0.00288837
  59900   0.00285597
  60100   0.00282256
  60300   0.00278848
  60500   0.00275011
  60700   0.00271828
  60900   0.00268572
  61100   0.00265255
  61300   0.00262649
  61500   0.00259966
  61700   0.00257359
  61900   0.00254372
  62100   0.00251605
  62300   0.00248262
  62500   0.00245018
  62700   0.00242243
  62900   0.00239635
  63100   0.00236889
  63300   0.00234661
  63500   0.00231875
  63700   0.00229609
  63900   0.00226556
  64200   0.00222763
  64600   0.00217769
  65000   0.00212942
  65400   0.00208214
  65800   0.00203746
  66200   0.00199164
  66600    0.0019482
  67000   0.00190593
  67400   0.00186331
  67800   0.00182286
  68200   0.00178334
  68600   0.00174553
  69000   0.00170755
  69400   0.00167093
  69800   0.00163549
  70200   0.00160024
  70600   0.00156703
  71000   0.00153396
  71400   0.00150191
  71800   0.00147034
  72200   0.00143989
  72600   0.00140988
  73000   0.00138092
  73400   0.00135238
  73800   0.00132491
  74200   0.00129698
  74600   0.00126926
  75000   0.00124391
  75400   0.00122004
  75800   0.00119674
  76200   0.00117309
  76600   0.00114992
  77000   0.00112714
  77400   0.00110516
  77800   0.00108376
  78200   0.00106257
  78600   0.00104211
  79000   0.00102203
  79400    0.0010025
  79800  0.000983384
  80200  0.000964372
  80600  0.000946141
  81000  0.000928602
  81400  0.000911148
  81800  0.000894404
  82200  0.000877928
  82600  0.000861698
  83000  0.000845818
  83400  0.000830192
  83800  0.000815055
  84200  0.000800546
  84600  0.000786065
  85000  0.000771974
  85400  0.000758154
  85800  0.000744725
  86200  0.000731624
  86600  0.000718724
  87000  0.000706105
  87400  0.000693782
  87800    0.0006817
  88200  0.000669701
  88600  0.000658187
  89000  0.000646845
  89400  0.000635878
  89800  0.000624873
  90200  0.000614482
  90600  0.000604114
  91000  0.000593676
  91400  0.000583894
  91800  0.000574316
  92200  0.000564849
  92600  0.000555502
  93000  0.000546384
  93400  0.000537361
  93800  0.000528596
  94200  0.000519977
  94600  0.000511505
  95000  0.000503257
  95400  0.000495226
  95800  0.000487329
  96200  0.000479528
  96600  0.000471961
  97000  0.000464444
  97400   0.00045685
  97800  0.000449809
  98200  0.000442908
  98600  0.000436047
  99000  0.000429281
  99400  0.000422626
  99800  0.000416113
 100200  0.000335106
 200000  3.04466e-05
 400000  2.29661e-06
 600000  3.90161e-07
 800000  1.18937e-07
  1e+06  4.81836e-08
1.2e+06  2.32369e-08
1.4e+06  1.26206e-08
1.6e+06  7.92191e-09
