     91            0
     94            0
     96            0
     98            0
    100            0
    102            0
    104            0
    106            0
    108            0
    110            0
    114            0
    118            0
    121            0
    125            0
    127            0
    128            0
    131            0
    132            0
    134            0
    137            0
    140            0
    143            0
    147            0
    151            0
    155            0
    159            0
    162            0
    166            0
    170            0
    173            0
    177            0
    180            0
    182            0
    186            0
    191            0
    194            0
    198            0
    202            0
    205            0
    210            0
    216            0
    220            0
    223            0
    227            0
    230            0
    234            0
    240            0
    246            0
    252            0
    257            0
    260            0
    264            0
    269            0
    274            0
    279            0
    284            0
    290            0
    296            0
    301            0
    308            0
    318            0
    328            0
    338            0
    348            0
    357            0
    366            0
    375            0
    385            0
    395            0
    405            0
    414            0
    422            0
    430            0
    441            0
    451            0
    460            0
    470            0
    480            0
    490            0
    500            0
    506            0
    512            0
    520            0
    530            0
    540            0
    550            0
    560            0
    570            0
    580            0
    590            0
    600            0
    610            0
    620            0
    630            0
    640            0
    650            0
    658            0
    665            0
    675            0
    685            0
    695            0
    705            0
    716            0
    726            0
    735            0
    745            0
    755            0
    765            0
    775            0
    785            0
    795            0
    805            0
    815            0
    825            0
    835            0
    845            0
    855            0
    865            0
    875            0
    885            0
    895            0
    905            0
    915  1.65174e+26
    925  4.59668e+26
    935  9.06246e+26
    945  1.94961e+27
    955   3.4419e+27
    965  4.53826e+27
    975  1.12262e+27
    985  6.23624e+27
    995  6.80336e+27
   1005  8.88158e+27
   1015   7.9652e+27
   1025  2.48426e+27
   1035   6.6541e+27
   1045  1.35045e+28
   1055  1.44341e+28
   1065  1.31673e+28
   1075  1.60081e+28
   1085   1.4586e+28
   1095  1.85239e+28
   1105  1.85978e+28
   1115  1.93766e+28
   1125  1.90161e+28
   1135  2.33911e+28
   1145  2.31218e+28
   1155  2.54774e+28
   1165  2.79234e+28
   1175  2.37594e+28
   1185  3.08251e+28
   1195  2.50053e+28
   1205  9.80372e+27
1208.72 -3.41096e+28
 1208.8 -7.10592e+28
1208.87 -7.41033e+28
1208.94 -7.72101e+28
1209.02 -8.05039e+28
1209.09 -8.37315e+28
1209.16 -8.68844e+28
1209.23 -9.02217e+28
1209.31 -9.37487e+28
1209.38 -9.71899e+28
1209.45 -1.00679e+29
1209.53 -1.04357e+29
 1209.6 -1.07931e+29
1209.67 -1.11543e+29
1209.75  -1.1534e+29
1209.82 -1.19014e+29
1209.89 -1.22554e+29
1209.96 -1.26268e+29
1210.04 -1.30156e+29
1210.11 -1.33889e+29
1210.18 -1.37625e+29
1210.26 -1.41524e+29
1210.33 -1.45241e+29
 1210.4 -1.48765e+29
1210.47 -1.52434e+29
1210.55 -1.56242e+29
1210.62  -1.5983e+29
1210.69 -1.63366e+29
1210.77  -1.6702e+29
1210.84 -1.70421e+29
1210.91 -1.73742e+29
1210.99 -1.77156e+29
1211.06  -1.8028e+29
1211.13 -1.83101e+29
 1211.2 -1.85989e+29
1211.28 -1.88933e+29
1211.35 -1.91538e+29
1211.42 -1.93988e+29
 1211.5 -1.96462e+29
1211.57 -1.98561e+29
1211.64  -2.0047e+29
1211.72 -2.02372e+29
1211.79 -2.03862e+29
1211.86 -2.04931e+29
1211.93  -2.0596e+29
1212.01 -2.06942e+29
1212.08 -2.07472e+29
1212.15  -2.0774e+29
1212.23 -2.07931e+29
 1212.3 -2.07642e+29
1212.37 -2.06871e+29
1212.44 -2.06002e+29
1212.52 -2.05029e+29
1212.59  -2.0356e+29
1212.66 -2.01779e+29
1212.74 -1.99881e+29
1212.81 -1.97483e+29
1212.88 -1.94771e+29
1212.96 -1.91933e+29
1213.03 -1.88605e+29
 1213.1 -1.84793e+29
1213.17 -1.80868e+29
1213.25 -1.76832e+29
1213.32 -1.72339e+29
1213.39  -1.6757e+29
1213.47 -1.62714e+29
1213.54 -1.57444e+29
1213.61 -1.51937e+29
1213.69 -1.46372e+29
1213.76 -1.40449e+29
1213.83 -1.34196e+29
 1213.9 -1.27938e+29
1213.98  -1.2169e+29
1214.05 -1.15182e+29
1214.12 -1.08576e+29
 1214.2 -1.02038e+29
1214.27 -9.53261e+28
1214.34 -8.84654e+28
1214.41 -8.17471e+28
1214.49 -7.51901e+28
1214.56 -6.85718e+28
1214.63 -6.20422e+28
1214.71 -5.57422e+28
1214.78 -4.94872e+28
1214.85 -4.34024e+28
1214.93 -3.75684e+28
   1215 -3.18689e+28
1215.07 -2.70347e+28
1215.14 -2.25584e+28
1215.22 -1.84175e+28
1215.29  -1.4527e+28
1215.36 -1.09782e+28
1215.44 -7.84357e+27
1215.51 -5.03431e+27
1215.58 -2.61628e+27
1215.66 -6.42198e+26
1215.73  9.45642e+26
 1215.8  2.12657e+27
1215.87  2.84271e+27
1215.95  3.10615e+27
1216.02  2.93632e+27
1216.09  2.32083e+27
1216.17  1.26793e+27
1216.24 -2.33079e+26
1216.31 -2.19118e+27
1216.38 -4.56187e+27
1216.46 -7.32028e+27
1216.53 -1.05165e+28
 1216.6  -1.4102e+28
1216.68 -1.80147e+28
1216.75 -2.23333e+28
1216.82  -2.6991e+28
 1216.9 -3.18994e+28
1216.97 -3.71707e+28
1217.04 -4.27932e+28
1217.11 -4.85878e+28
1217.19 -5.45225e+28
1217.26 -6.07392e+28
1217.33 -6.71206e+28
1217.41 -7.35471e+28
1217.48 -8.01931e+28
1217.55 -8.69221e+28
1217.63 -9.35893e+28
 1217.7 -1.00409e+29
1217.77 -1.07361e+29
1217.84 -1.14163e+29
1217.92 -1.20788e+29
1217.99 -1.27472e+29
1218.06 -1.34054e+29
1218.14 -1.40372e+29
1218.21 -1.46692e+29
1218.28 -1.52998e+29
1218.35 -1.58972e+29
1218.43 -1.64584e+29
 1218.5 -1.70132e+29
1218.57 -1.75437e+29
1218.65 -1.80324e+29
1218.72 -1.85117e+29
1218.79  -1.8963e+29
1218.87 -1.93681e+29
1218.94 -1.97617e+29
1219.01 -2.01432e+29
1219.08 -2.04761e+29
1219.16 -2.07596e+29
1219.23 -2.10301e+29
 1219.3 -2.12686e+29
1219.38 -2.14568e+29
1219.45 -2.16328e+29
1219.52 -2.17773e+29
 1219.6 -2.18718e+29
1219.67 -2.19556e+29
1219.74 -2.20291e+29
1219.81 -2.20542e+29
1219.89 -2.20309e+29
1219.96 -2.19996e+29
1220.03 -2.19419e+29
1220.11 -2.18386e+29
1220.18 -2.17303e+29
1220.25 -2.16178e+29
1220.32 -2.14629e+29
 1220.4 -2.12665e+29
1220.47 -2.10693e+29
1220.54 -2.08528e+29
1220.62 -2.05984e+29
1220.69 -2.03464e+29
1220.76 -2.00786e+29
1220.84 -1.97766e+29
1220.91 -1.94802e+29
1220.98 -1.91905e+29
1221.05   -1.887e+29
1221.13 -1.85203e+29
 1221.2 -1.81799e+29
1221.27 -1.78314e+29
1221.35 -1.74572e+29
1221.42 -1.70948e+29
1221.49 -1.67272e+29
1221.57 -1.63372e+29
1221.64 -1.59612e+29
1221.71 -1.55998e+29
1221.78 -1.52187e+29
1221.86 -1.48192e+29
1221.93 -1.44362e+29
   1222 -1.40533e+29
1222.08 -1.36546e+29
1222.15 -1.32735e+29
1222.22   -1.291e+29
1222.29 -1.25328e+29
1222.37  -1.2143e+29
1222.44 -1.17719e+29
1222.51 -1.14045e+29
1222.59 -1.10265e+29
1222.66 -1.06676e+29
1222.73 -1.03135e+29
1222.81 -9.95054e+28
1222.88 -9.60678e+28
1222.95  -9.2817e+28
1223.02 -8.94892e+28
 1223.1  -8.6093e+28
1223.17 -8.28864e+28
1223.24  -6.1148e+28
   1225  2.77747e+27
   1235  3.81136e+28
   1245  4.32027e+28
   1255  4.39035e+28
   1265  4.11547e+28
   1275  4.96331e+28
   1285  5.25107e+28
   1295  4.70321e+28
   1305  4.85572e+28
   1315  5.71103e+28
   1325  5.65201e+28
   1335   5.4446e+28
   1345  6.10974e+28
   1355  6.15237e+28
   1365  5.93676e+28
   1375  6.16022e+28
   1385  6.38642e+28
   1395  5.93103e+28
   1405  6.24218e+28
   1415  6.54721e+28
   1425  6.71849e+28
   1435  6.89609e+28
   1442  7.15179e+28
   1447  7.21585e+28
   1455  7.18872e+28
   1465  7.02524e+28
   1475  7.15846e+28
   1485  7.25081e+28
   1495  7.38866e+28
   1505  7.25032e+28
   1512  6.86137e+28
   1517  7.17956e+28
   1525  7.19711e+28
   1535  6.73656e+28
   1545  7.07428e+28
   1555  6.91305e+28
   1565   7.1452e+28
   1575  7.54513e+28
   1585   7.7801e+28
   1595  8.00558e+28
   1605  7.92773e+28
   1615  8.03267e+28
   1625  7.91756e+28
   1635  8.27206e+28
   1645   8.3821e+28
   1655  8.10354e+28
   1665  8.70158e+28
   1672  8.29962e+28
   1677  8.74772e+28
   1685   8.9672e+28
   1695  8.76791e+28
   1705  8.62588e+28
   1715  8.41501e+28
   1725  8.44396e+28
   1735  8.86099e+28
   1745  8.75583e+28
   1755  9.15599e+28
   1765  8.70342e+28
   1775  8.96946e+28
   1785   9.1437e+28
   1795  9.47784e+28
   1805  9.60714e+28
   1815  9.20025e+28
   1825  9.45766e+28
   1835  9.33112e+28
   1845  8.90875e+28
   1855  8.88613e+28
   1865  9.11247e+28
   1875  9.67061e+28
   1885  9.13299e+28
   1895  8.88667e+28
   1905  9.61577e+28
   1915  9.18917e+28
   1925  9.12738e+28
   1935  9.49823e+28
   1945  9.79863e+28
   1955  9.32661e+28
   1967  9.98196e+28
   1976  1.02908e+29
   1984  9.92136e+28
   1995  9.79143e+28
   2005  1.01255e+29
   2015   1.0053e+29
   2025  1.04637e+29
   2035  1.00934e+29
   2045  1.03033e+29
   2055  9.97297e+28
   2065  1.02158e+29
   2074  1.07212e+29
   2078  1.02973e+29
   2085  1.05953e+29
   2095  1.02921e+29
   2105  1.05652e+29
   2115  1.06783e+29
   2125  1.08848e+29
   2135  1.06658e+29
   2145  1.06749e+29
   2155    1.098e+29
   2165  1.08673e+29
   2175  1.08982e+29
   2185  1.08465e+29
   2195  1.11745e+29
   2205  1.10474e+29
   2215  1.09038e+29
   2225   1.0743e+29
   2235  1.11367e+29
   2245  1.10409e+29
   2255  1.08735e+29
   2265  1.10866e+29
   2275   1.1246e+29
   2285  1.13956e+29
   2295  1.10797e+29
   2305  1.12025e+29
   2315  1.10506e+29
   2325  1.01673e+29
   2335  1.08757e+29
   2345  1.07373e+29
   2355  1.10788e+29
   2365  1.08076e+29
   2375  1.09927e+29
   2385  1.07287e+29
   2395  1.11186e+29
   2405  1.09524e+29
   2415  1.10856e+29
   2425  1.13507e+29
   2435  1.11118e+29
   2445  1.14289e+29
   2455  1.14518e+29
   2465  1.13936e+29
   2475  1.13172e+29
   2485    1.157e+29
   2495  1.10999e+29
   2505   1.1739e+29
   2513  1.13668e+29
   2518  1.16564e+29
   2525  1.14097e+29
   2535  1.14329e+29
   2545  1.13987e+29
   2555  1.17722e+29
   2565  1.17289e+29
   2575  1.20452e+29
   2585  1.20917e+29
   2595  1.21034e+29
   2605  1.19681e+29
   2615  1.19917e+29
   2625  1.21273e+29
   2635  1.22288e+29
   2645  1.26792e+29
   2655  1.27219e+29
   2665  1.24432e+29
   2675  1.26835e+29
   2685  1.27307e+29
   2695  1.25875e+29
   2705  1.26879e+29
   2715  1.25755e+29
   2725  1.25956e+29
   2735  1.28617e+29
   2745  1.23507e+29
   2755  1.24439e+29
   2765    1.266e+29
   2775  1.29722e+29
   2785   1.2923e+29
   2795  1.21735e+29
   2805  1.25455e+29
   2815  1.31892e+29
   2825  1.32196e+29
   2835  1.29722e+29
   2845   1.3008e+29
   2855  1.30652e+29
   2865    1.335e+29
   2875  1.32929e+29
   2885  1.33725e+29
   2895  1.33807e+29
   2910  1.36478e+29
   2930  1.36114e+29
   2950  1.36025e+29
   2970  1.37641e+29
   2990  1.38335e+29
   3010  1.39514e+29
   3030  1.40665e+29
   3050  1.41233e+29
   3070  1.41877e+29
   3090  1.42787e+29
   3110  1.43263e+29
   3130  1.43669e+29
   3150  1.44751e+29
   3170  1.45242e+29
   3190  1.44042e+29
   3210  1.46304e+29
   3230  1.46336e+29
   3250  1.47965e+29
   3270   1.4926e+29
   3290  1.49958e+29
   3310  1.50807e+29
   3330  1.51074e+29
   3350  1.51153e+29
   3370   1.5126e+29
   3390  1.52204e+29
   3410   1.5333e+29
   3430  1.53338e+29
   3450  1.54048e+29
   3470   1.5515e+29
   3490   1.5608e+29
   3510  1.57554e+29
   3530  1.57798e+29
   3550  1.59313e+29
   3570  1.58298e+29
   3590  1.58306e+29
   3610  1.59971e+29
   3630  1.61032e+29
   3640  1.61959e+29
   3650  1.61564e+29
   3670  1.61536e+29
   3690  1.57563e+29
3704.66  1.64715e+29
3704.88  1.64792e+29
3705.11  1.64901e+29
3705.33  1.65011e+29
3705.55  1.65119e+29
3705.78  1.65228e+29
   3706  1.65337e+29
3706.22  1.65445e+29
3706.45  1.65555e+29
3706.67  1.65663e+29
3706.89   1.6577e+29
3707.12  1.65879e+29
3707.34  1.65987e+29
3707.56  1.66095e+29
3707.79  1.66203e+29
3708.01  1.66311e+29
3708.24  1.66419e+29
3708.46  1.66527e+29
3708.68  1.66634e+29
3708.91  1.66742e+29
3709.13  1.66851e+29
3709.35  1.66953e+29
3709.58   1.6706e+29
 3709.8  1.67167e+29
   3710  1.67263e+29
3710.02  1.67398e+29
3710.25  1.68619e+29
3710.47  1.69839e+29
 3710.7   1.7106e+29
3710.92  1.72281e+29
3711.14  1.73504e+29
3711.37  1.74726e+29
3711.59  1.75951e+29
3711.81  1.77177e+29
3712.04  1.78405e+29
3712.26  1.79637e+29
3712.48   1.8087e+29
3712.71  1.82106e+29
3712.93  1.83344e+29
3713.16  1.84584e+29
3713.38  1.85832e+29
 3713.6  1.87082e+29
3713.83  1.88332e+29
3714.05  1.89592e+29
3714.27  1.90854e+29
 3714.5  1.92109e+29
3714.72  1.93375e+29
3714.94   1.9464e+29
3715.17  1.95887e+29
3715.39  1.97121e+29
3715.62  1.98339e+29
3715.84  1.99563e+29
3716.06  2.00762e+29
3716.29  2.01893e+29
3716.51  2.03029e+29
3716.73  2.04116e+29
3716.96  2.05075e+29
3717.18   2.0603e+29
 3717.4  2.06897e+29
3717.63   2.0755e+29
3717.85  2.08054e+29
3718.08  2.08382e+29
 3718.3  2.08698e+29
3718.52  2.08832e+29
3718.75  2.08542e+29
3718.97  2.08252e+29
3719.19  2.07723e+29
3719.42   2.0661e+29
3719.64  2.05546e+29
3719.86  2.04192e+29
3720.09   2.0208e+29
3720.31  2.00096e+29
3720.53  1.97814e+29
3720.76  1.94643e+29
3720.98  1.91086e+29
3721.21  1.87157e+29
3721.43  1.83662e+29
3721.65  1.79931e+29
3721.88  1.75132e+29
 3722.1  1.71029e+29
3722.32  1.66803e+29
3722.55  1.61487e+29
3722.77  1.57166e+29
3722.99   1.5287e+29
3723.22  1.47528e+29
3723.44   1.4228e+29
3723.67  1.37197e+29
3723.89  1.33571e+29
3724.11  1.30264e+29
3724.34  1.26081e+29
3724.56  1.23501e+29
3724.78  1.21321e+29
3725.01   1.1845e+29
3725.23  1.17269e+29
3725.45  1.16567e+29
3725.68  1.15312e+29
 3725.9  1.14656e+29
3726.13  1.14586e+29
3726.35   1.1589e+29
3726.57  1.17627e+29
 3726.8   1.1913e+29
3727.02  1.21628e+29
3727.24  1.24469e+29
3727.47  1.27293e+29
3727.69  1.30678e+29
3727.91  1.34297e+29
3728.14  1.38138e+29
3728.36  1.42344e+29
3728.59  1.46877e+29
3728.81  1.51226e+29
3729.03  1.55669e+29
3729.26  1.60798e+29
3729.48  1.65397e+29
 3729.7  1.70019e+29
3729.93    1.751e+29
   3730  1.77359e+29
3730.15  1.78852e+29
3730.37  1.81413e+29
 3730.6  1.85108e+29
3730.82  1.88884e+29
3731.05   1.9272e+29
3731.27  1.95363e+29
3731.49  1.97985e+29
3731.72  2.01786e+29
3731.94  2.04317e+29
3732.16  2.06774e+29
3732.39  2.10332e+29
3732.61    2.126e+29
3732.83  2.14742e+29
3733.06  2.17849e+29
3733.28  2.20722e+29
3733.51  2.23367e+29
3733.73  2.24815e+29
3733.95  2.26029e+29
3734.18  2.27862e+29
 3734.4  2.28599e+29
3734.62  2.29102e+29
3734.85  2.30068e+29
3735.07  2.30094e+29
3735.29  2.29885e+29
3735.52  2.29992e+29
3735.74  2.29334e+29
3735.96  2.28466e+29
3736.19  2.27805e+29
3736.41   2.2689e+29
3736.64  2.25743e+29
3736.86  2.24128e+29
3737.08  2.22378e+29
3737.31  2.20731e+29
3737.53  2.18764e+29
3737.75   2.1671e+29
3737.98  2.14729e+29
 3738.2   2.1255e+29
3738.42  2.10318e+29
3738.65  2.08132e+29
3738.87  2.05896e+29
 3739.1  2.03621e+29
3739.32  2.01275e+29
3739.54  1.98923e+29
3739.77  1.96601e+29
3739.99   1.9425e+29
3740.21  1.91903e+29
3740.44  1.89573e+29
3740.66  1.87238e+29
3740.88   1.8491e+29
3741.11  1.82589e+29
3741.33  1.80269e+29
3741.56  1.77951e+29
3741.78  1.75644e+29
   3742  1.73341e+29
3742.23  1.71031e+29
3742.45  1.68733e+29
3742.67  1.66436e+29
 3742.9  1.64128e+29
3743.12  1.61831e+29
3743.34  1.59533e+29
3743.57  1.57219e+29
3743.79  1.54902e+29
3744.02  1.52583e+29
3744.24  1.50276e+29
3744.46  1.47967e+29
3744.69  1.45641e+29
3744.91  1.43329e+29
3745.13  1.41015e+29
3745.36  1.38684e+29
3745.58  1.36369e+29
 3745.8  1.34054e+29
3746.03  1.31722e+29
3746.25  1.29394e+29
3746.48  1.27067e+29
 3746.7  1.24764e+29
3746.92  1.22459e+29
3747.15  1.20145e+29
3747.37  1.17851e+29
3747.59  1.15565e+29
3747.82  1.13271e+29
3748.04  1.11001e+29
3748.26   1.0874e+29
3748.49  1.06476e+29
3748.71  1.04238e+29
3748.93  1.02013e+29
3749.16  9.88625e+28
   3750  7.33691e+28
   3770  1.20793e+29
   3790  2.12749e+29
   3810  2.55366e+29
   3830  1.63415e+29
   3850  2.56101e+29
   3870  2.42706e+29
   3890  1.37532e+29
   3910  2.93505e+29
   3930  2.86507e+29
   3950  2.94918e+29
   3970   1.0426e+29
   3990  2.99147e+29
   4010  3.16907e+29
   4030  3.13338e+29
   4050  3.19987e+29
   4070  3.17254e+29
 4078.2  3.04601e+29
4078.45  3.04221e+29
 4078.7  3.03841e+29
4078.94  3.03461e+29
4079.19  3.03081e+29
4079.43  3.02702e+29
4079.68  3.02322e+29
4079.93  3.01942e+29
4080.17  3.01563e+29
4080.42  3.01183e+29
4080.66  3.00803e+29
4080.91  3.00423e+29
4081.16  3.00044e+29
 4081.4  2.99664e+29
4081.65  2.99285e+29
 4081.9  2.98905e+29
4082.14  2.98526e+29
4082.39  2.98147e+29
4082.63  2.97768e+29
4082.88  2.97389e+29
4083.13  2.97011e+29
4083.37  2.96631e+29
4083.62  2.96252e+29
4083.86  2.95875e+29
4084.11  2.95497e+29
4084.36   2.9512e+29
 4084.6  2.94744e+29
4084.85  2.94368e+29
 4085.1  2.93994e+29
4085.34  2.93622e+29
4085.59  2.93251e+29
4085.83  2.92882e+29
4086.08  2.92515e+29
4086.33  2.92151e+29
4086.57  2.91789e+29
4086.82  2.91431e+29
4087.06  2.91077e+29
4087.31  2.90728e+29
4087.56  2.90383e+29
 4087.8  2.90044e+29
4088.05  2.89709e+29
 4088.3  2.89381e+29
4088.54  2.89061e+29
4088.79  2.88746e+29
4089.03   2.8844e+29
4089.28  2.88134e+29
4089.53  2.87834e+29
4089.77  2.87539e+29
   4090   2.8725e+29
4090.02  2.87257e+29
4090.26  2.86817e+29
4090.51  2.86381e+29
4090.76  2.85933e+29
   4091   2.8548e+29
4091.25  2.84989e+29
 4091.5  2.84463e+29
4091.74  2.83913e+29
4091.99  2.83313e+29
4092.23  2.82648e+29
4092.48  2.81866e+29
4092.73  2.80982e+29
4092.97  2.80021e+29
4093.22  2.78869e+29
4093.47  2.77552e+29
4093.71  2.76115e+29
4093.96  2.74479e+29
 4094.2  2.72623e+29
4094.45  2.70424e+29
 4094.7  2.67944e+29
4094.94  2.65273e+29
4095.19  2.62303e+29
4095.43  2.59019e+29
4095.68  2.55248e+29
4095.93  2.51121e+29
4096.17  2.46812e+29
4096.42  2.41982e+29
4096.67  2.36816e+29
4096.91  2.31542e+29
4097.16  2.26007e+29
 4097.4  2.20245e+29
4097.65  2.14047e+29
 4097.9  2.07691e+29
4098.14   2.0149e+29
4098.39  1.95276e+29
4098.63  1.89127e+29
4098.88  1.82875e+29
4099.13  1.76834e+29
4099.37  1.71329e+29
4099.62  1.65979e+29
4099.87   1.6111e+29
4100.11  1.57011e+29
4100.36  1.53536e+29
 4100.6  1.50744e+29
4100.85  1.48539e+29
 4101.1  1.47146e+29
4101.34  1.46721e+29
4101.59  1.47137e+29
4101.83  1.48404e+29
4102.08  1.50495e+29
4102.33  1.53446e+29
4102.57  1.57207e+29
4102.82  1.61767e+29
4103.07  1.67045e+29
4103.31  1.72871e+29
4103.56  1.79211e+29
 4103.8  1.85974e+29
4104.05  1.93244e+29
 4104.3  2.00776e+29
4104.54  2.08264e+29
4104.79  2.15774e+29
4105.03  2.23199e+29
4105.28  2.30683e+29
4105.53  2.37922e+29
4105.77  2.44589e+29
4106.02   2.5109e+29
4106.27  2.57115e+29
4106.51  2.62361e+29
4106.76  2.67034e+29
   4107  2.71102e+29
4107.25  2.74801e+29
 4107.5  2.77886e+29
4107.74  2.80136e+29
4107.99  2.81799e+29
4108.23  2.82889e+29
4108.48  2.83613e+29
4108.73  2.83834e+29
4108.97  2.83435e+29
4109.22  2.82769e+29
4109.47  2.81727e+29
4109.71  2.80235e+29
4109.96  2.78793e+29
   4110  2.77965e+29
 4110.2   2.7754e+29
4110.45  2.76926e+29
 4110.7  2.76095e+29
4110.94  2.75096e+29
4111.19   2.7411e+29
4111.44  2.73097e+29
4111.68  2.72037e+29
4111.93  2.71021e+29
4112.17  2.70069e+29
4112.42  2.69223e+29
4112.67  2.68458e+29
4112.91  2.67761e+29
4113.16  2.67168e+29
 4113.4  2.66683e+29
4113.65   2.6632e+29
 4113.9  2.66063e+29
4114.14  2.65896e+29
4114.39  2.65838e+29
4114.64  2.65874e+29
4114.88  2.65994e+29
4115.13  2.66196e+29
4115.37  2.66476e+29
4115.62  2.66831e+29
4115.87  2.67247e+29
4116.11  2.67719e+29
4116.36  2.68242e+29
 4116.6  2.68812e+29
4116.85  2.69422e+29
 4117.1  2.70067e+29
4117.34  2.70741e+29
4117.59  2.71442e+29
4117.84  2.72165e+29
4118.08  2.72908e+29
4118.33  2.73666e+29
4118.57  2.74439e+29
4118.82  2.75223e+29
4119.07  2.76016e+29
4119.31  2.76817e+29
4119.56  2.77626e+29
4119.81  2.78442e+29
4120.05  2.79259e+29
 4120.3  2.80081e+29
4120.54  2.80906e+29
4120.79  2.81733e+29
4121.04  2.82561e+29
4121.28  2.83394e+29
4121.53  2.84227e+29
4121.77  2.85059e+29
4122.02  2.85892e+29
4122.27  2.86726e+29
4122.51   2.8756e+29
4122.76  2.88394e+29
4123.01  2.89231e+29
4123.25  2.90066e+29
 4123.5  2.90902e+29
4123.74  2.91737e+29
4123.99  2.92573e+29
4124.24  2.93408e+29
4124.48  2.94244e+29
4124.73  2.95081e+29
4124.97  2.95917e+29
4125.22  2.96753e+29
4125.47  2.97589e+29
4125.71  2.98425e+29
4125.96  2.99261e+29
4126.21  3.00098e+29
4126.45  3.00934e+29
 4126.7   3.0177e+29
4126.94  3.02606e+29
4127.19  3.03442e+29
   4130  3.12987e+29
   4150    3.212e+29
   4170  3.23473e+29
   4190  3.24694e+29
   4210  3.26188e+29
   4230  3.25828e+29
   4250  3.26508e+29
   4270  3.23057e+29
   4290  3.23651e+29
   4310  3.14399e+29
4315.65  3.06156e+29
4315.91  3.05776e+29
4316.17  3.05396e+29
4316.43  3.05016e+29
4316.69  3.04636e+29
4316.95  3.04255e+29
4317.21  3.03876e+29
4317.47  3.03495e+29
4317.73  3.03116e+29
4317.99  3.02735e+29
4318.25  3.02356e+29
4318.52  3.01976e+29
4318.78  3.01596e+29
4319.04  3.01216e+29
 4319.3  3.00837e+29
4319.56  3.00457e+29
4319.82  3.00078e+29
4320.08  2.99699e+29
4320.34   2.9932e+29
 4320.6  2.98942e+29
4320.86  2.98565e+29
4321.12  2.98188e+29
4321.38  2.97812e+29
4321.64  2.97435e+29
 4321.9   2.9706e+29
4322.16  2.96688e+29
4322.42  2.96319e+29
4322.68  2.95951e+29
4322.94  2.95587e+29
 4323.2  2.95227e+29
4323.46  2.94872e+29
4323.73  2.94524e+29
4323.99  2.94184e+29
4324.25  2.93854e+29
4324.51  2.93533e+29
4324.77  2.93228e+29
4325.03  2.92939e+29
4325.29  2.92669e+29
4325.55  2.92422e+29
4325.81  2.92202e+29
4326.07  2.92014e+29
4326.33  2.91863e+29
4326.59  2.91753e+29
4326.85  2.91694e+29
4327.11  2.91689e+29
4327.37  2.91746e+29
4327.63  2.91874e+29
4327.89  2.92081e+29
4328.15  2.92374e+29
4328.41  2.92763e+29
4328.67  2.93244e+29
4328.94  2.93821e+29
 4329.2  2.94522e+29
4329.46  2.95359e+29
4329.72  2.96325e+29
4329.98   2.9707e+29
   4330  2.97872e+29
4330.24  2.98741e+29
 4330.5  3.00107e+29
4330.76  3.01646e+29
4331.02  3.03307e+29
4331.28  3.05078e+29
4331.54  3.06946e+29
 4331.8  3.08888e+29
4332.06  3.10884e+29
4332.32    3.129e+29
4332.58  3.14906e+29
4332.84   3.1686e+29
 4333.1   3.1872e+29
4333.36  3.20436e+29
4333.62  3.21961e+29
4333.88  3.23042e+29
4334.15  3.23575e+29
4334.41  3.23902e+29
4334.67  3.24015e+29
4334.93  3.23656e+29
4335.19  3.22775e+29
4335.45  3.21325e+29
4335.71   3.1927e+29
4335.97   3.1658e+29
4336.23  3.13236e+29
4336.49  3.09228e+29
4336.75  3.04561e+29
4337.01  2.99252e+29
4337.27  2.93333e+29
4337.53  2.86849e+29
4337.79  2.79862e+29
4338.05  2.72444e+29
4338.31  2.64679e+29
4338.57  2.56671e+29
4338.83  2.48521e+29
4339.09  2.40355e+29
4339.35  2.31937e+29
4339.62  2.23482e+29
4339.88  2.15768e+29
4340.14  2.08837e+29
 4340.4  2.02502e+29
4340.66  1.96846e+29
4340.92  1.91981e+29
4341.18  1.87971e+29
4341.44  1.84879e+29
 4341.7  1.82754e+29
4341.96  1.81617e+29
4342.22  1.81472e+29
4342.48  1.82318e+29
4342.74  1.84115e+29
   4343  1.86801e+29
4343.26  1.90336e+29
4343.52  1.94625e+29
4343.78  1.99574e+29
4344.04  2.05076e+29
 4344.3  2.11392e+29
4344.57   2.1844e+29
4344.83  2.25385e+29
4345.09  2.32047e+29
4345.35  2.38689e+29
4345.61  2.45204e+29
4345.87  2.51498e+29
4346.13  2.57482e+29
4346.39  2.63083e+29
4346.65  2.68236e+29
4346.91  2.72895e+29
4347.17  2.77021e+29
4347.43   2.8059e+29
4347.69  2.83593e+29
4347.95  2.86029e+29
4348.21  2.87907e+29
4348.47  2.89252e+29
4348.73  2.90089e+29
4348.99  2.90454e+29
4349.25  2.90387e+29
4349.51  2.90129e+29
4349.78  2.89618e+29
   4350  2.88916e+29
4350.04  2.88588e+29
 4350.3  2.88666e+29
4350.56  2.88266e+29
4350.82  2.87717e+29
4351.08  2.87053e+29
4351.34  2.86319e+29
 4351.6  2.85543e+29
4351.86   2.8476e+29
4352.12  2.83993e+29
4352.38  2.83267e+29
4352.64  2.82597e+29
 4352.9     2.82e+29
4353.16  2.81484e+29
4353.42  2.81059e+29
4353.68  2.80726e+29
4353.94  2.80492e+29
 4354.2  2.80354e+29
4354.46  2.80311e+29
4354.72  2.80369e+29
4354.99  2.80522e+29
4355.25  2.80742e+29
4355.51  2.81032e+29
4355.77  2.81391e+29
4356.03  2.81817e+29
4356.29  2.82301e+29
4356.55   2.8284e+29
4356.81  2.83424e+29
4357.07  2.84051e+29
4357.33  2.84713e+29
4357.59  2.85409e+29
4357.85  2.86131e+29
4358.11  2.86878e+29
4358.37  2.87643e+29
4358.63  2.88428e+29
4358.89  2.89225e+29
4359.15  2.90037e+29
4359.41  2.90856e+29
4359.67  2.91686e+29
4359.93  2.92522e+29
 4360.2  2.93364e+29
4360.46   2.9421e+29
4360.72  2.95061e+29
4360.98  2.95916e+29
4361.24   2.9677e+29
 4361.5  2.97628e+29
4361.76  2.98492e+29
4362.02  2.99352e+29
4362.28  3.00212e+29
4362.54  3.01075e+29
 4362.8  3.01937e+29
4363.06  3.02801e+29
4363.32  3.03664e+29
4363.58  3.04529e+29
4363.84  3.05392e+29
 4364.1  3.06258e+29
4364.36  3.07121e+29
4364.62  3.07987e+29
4364.88  3.08851e+29
4365.15  3.09717e+29
4365.41  3.10581e+29
4365.67  3.11447e+29
4365.93  3.12311e+29
4366.19  3.13177e+29
4366.45  3.14041e+29
4366.71  3.14907e+29
4366.97  3.15772e+29
4367.23  3.16638e+29
4367.49  3.17502e+29
   4370   3.2584e+29
   4390  3.25374e+29
   4410   3.3078e+29
   4430  3.34093e+29
   4450  3.36362e+29
   4470  3.35414e+29
   4490  3.38494e+29
   4510  3.46012e+29
   4530  3.40719e+29
   4550  3.41215e+29
   4570  3.47446e+29
   4590  3.44244e+29
   4610  3.48186e+29
   4630  3.46267e+29
   4650  3.48239e+29
   4670  3.50532e+29
   4690  3.50107e+29
   4710   3.4506e+29
   4730  3.51595e+29
   4750  3.54044e+29
   4770  3.55194e+29
   4790  3.54728e+29
   4810  3.53081e+29
   4830  3.50379e+29
4834.84   3.4325e+29
4835.13   3.4282e+29
4835.42   3.4239e+29
4835.71  3.41961e+29
   4836  3.41531e+29
4836.29  3.41103e+29
4836.59  3.40675e+29
4836.88  3.40247e+29
4837.17   3.3982e+29
4837.46  3.39395e+29
4837.75  3.38971e+29
4838.05  3.38549e+29
4838.34   3.3813e+29
4838.63  3.37707e+29
4838.92  3.37293e+29
4839.21  3.36884e+29
 4839.5  3.36479e+29
 4839.8  3.36082e+29
4840.09  3.35696e+29
4840.38  3.35319e+29
4840.67  3.34956e+29
4840.96   3.3461e+29
4841.26  3.34286e+29
4841.55  3.33985e+29
4841.84  3.33717e+29
4842.13  3.33486e+29
4842.42  3.33299e+29
4842.72  3.33162e+29
4843.01  3.33091e+29
 4843.3  3.33094e+29
4843.59  3.33185e+29
4843.88  3.33379e+29
4844.17  3.33688e+29
4844.47  3.34128e+29
4844.76  3.34727e+29
4845.05   3.3551e+29
4845.34  3.36496e+29
4845.63    3.377e+29
4845.93   3.3914e+29
4846.22   3.4087e+29
4846.51  3.42922e+29
 4846.8  3.45313e+29
4847.09  3.48073e+29
4847.38  3.51193e+29
4847.68  3.54679e+29
4847.97  3.58628e+29
4848.26  3.63074e+29
4848.55  3.67987e+29
4848.84  3.73299e+29
4849.14  3.78977e+29
4849.43  3.85162e+29
4849.72  3.91783e+29
   4850  3.96886e+29
4850.01  4.00854e+29
 4850.3  4.06492e+29
4850.59  4.14089e+29
4850.89  4.21671e+29
4851.18  4.29537e+29
4851.47  4.37643e+29
4851.76  4.45693e+29
4852.05  4.53203e+29
4852.35   4.5992e+29
4852.64  4.66445e+29
4852.93  4.72699e+29
4853.22   4.7813e+29
4853.51  4.82095e+29
4853.81  4.84326e+29
 4854.1  4.85725e+29
4854.39   4.8625e+29
4854.68  4.85286e+29
4854.97  4.82677e+29
4855.26  4.77558e+29
4855.56  4.69858e+29
4855.85  4.61063e+29
4856.14  4.51222e+29
4856.43   4.3967e+29
4856.72   4.2559e+29
4857.02  4.09083e+29
4857.31   3.9204e+29
 4857.6  3.74657e+29
4857.89  3.56219e+29
4858.18  3.36977e+29
4858.47  3.16537e+29
4858.77  2.95275e+29
4859.06  2.74842e+29
4859.35  2.55475e+29
4859.64  2.36729e+29
4859.93  2.18502e+29
4860.23  2.01286e+29
4860.52  1.86056e+29
4860.81  1.72789e+29
 4861.1   1.6134e+29
4861.39  1.51844e+29
4861.68  1.44547e+29
4861.98  1.39728e+29
4862.27  1.37062e+29
4862.56  1.36312e+29
4862.85  1.37606e+29
4863.14  1.41348e+29
4863.44  1.47594e+29
4863.73  1.55057e+29
4864.02  1.63317e+29
4864.31   1.7278e+29
 4864.6  1.84023e+29
 4864.9  1.96824e+29
4865.19  2.09381e+29
4865.48  2.21429e+29
4865.77  2.33468e+29
4866.06  2.45318e+29
4866.35  2.57664e+29
4866.65  2.70314e+29
4866.94    2.814e+29
4867.23  2.90872e+29
4867.52   2.9951e+29
4867.81  3.07856e+29
4868.11   3.1582e+29
 4868.4  3.22034e+29
4868.69  3.26562e+29
4868.98  3.30111e+29
4869.27  3.32756e+29
4869.56  3.34959e+29
4869.86  3.36443e+29
   4870   3.3717e+29
4870.15  3.37727e+29
4870.44  3.38494e+29
4870.73  3.38566e+29
4871.02  3.38454e+29
4871.32  3.38156e+29
4871.61  3.37199e+29
 4871.9  3.35748e+29
4872.19  3.34144e+29
4872.48   3.3243e+29
4872.77  3.30799e+29
4873.07   3.2926e+29
4873.36  3.27599e+29
4873.65  3.25905e+29
4873.94  3.24325e+29
4874.23  3.22931e+29
4874.53  3.21713e+29
4874.82  3.20579e+29
4875.11  3.19556e+29
 4875.4  3.18695e+29
4875.69  3.17992e+29
4875.98  3.17467e+29
4876.28  3.17099e+29
4876.57  3.16846e+29
4876.86  3.16705e+29
4877.15  3.16685e+29
4877.44  3.16783e+29
4877.74  3.16983e+29
4878.03  3.17264e+29
4878.32  3.17618e+29
4878.61  3.18043e+29
 4878.9  3.18532e+29
 4879.2  3.19075e+29
4879.49  3.19661e+29
4879.78  3.20286e+29
4880.07  3.20944e+29
4880.36  3.21631e+29
4880.65  3.22343e+29
4880.95  3.23076e+29
4881.24  3.23825e+29
4881.53  3.24587e+29
4881.82  3.25361e+29
4882.11  3.26145e+29
4882.41  3.26936e+29
 4882.7  3.27734e+29
4882.99  3.28537e+29
4883.28  3.29343e+29
4883.57  3.30152e+29
4883.86  3.30973e+29
4884.16  3.31785e+29
4884.45  3.32599e+29
4884.74  3.33415e+29
4885.03  3.34233e+29
4885.32   3.3505e+29
4885.62   3.3587e+29
4885.91   3.3669e+29
 4886.2  3.37509e+29
4886.49   3.3833e+29
4886.78  3.39151e+29
4887.07  3.39971e+29
4887.37  3.40792e+29
4887.66  3.41614e+29
4887.95  3.42435e+29
4888.24  3.43256e+29
4888.53  3.44077e+29
4888.83  3.44899e+29
4889.12  3.45719e+29
4889.41  3.46541e+29
 4889.7  3.47363e+29
   4890  3.48202e+29
4890.29  3.48297e+29
4890.58  3.48393e+29
4890.87   3.4849e+29
4891.16  3.48586e+29
4891.45  3.48683e+29
4891.74   3.4878e+29
4892.04  3.48876e+29
4892.33  3.48973e+29
4892.62  3.49069e+29
4892.91  3.49166e+29
   4910  3.54822e+29
4928.77  3.51749e+29
4929.07  3.51699e+29
4929.36  3.51649e+29
4929.66  3.51599e+29
4929.96  3.51551e+29
   4930  3.51543e+29
4930.26  3.51649e+29
4930.55  3.51773e+29
4930.85  3.51896e+29
4931.15  3.52018e+29
4931.45  3.52141e+29
4931.74  3.52262e+29
4932.04  3.52383e+29
4932.34  3.52502e+29
4932.64   3.5262e+29
4932.93  3.52737e+29
4933.23  3.52853e+29
4933.53  3.52965e+29
4933.83  3.53077e+29
4934.12  3.53184e+29
4934.42  3.53289e+29
4934.72  3.53389e+29
4935.02  3.53484e+29
4935.31  3.53574e+29
4935.61  3.53658e+29
4935.91  3.53733e+29
4936.21  3.53801e+29
 4936.5  3.53858e+29
 4936.8  3.53902e+29
 4937.1  3.53933e+29
 4937.4  3.53948e+29
4937.69  3.53947e+29
4937.99  3.53924e+29
4938.29  3.53877e+29
4938.59  3.53806e+29
4938.88  3.53709e+29
4939.18  3.53577e+29
4939.48  3.53408e+29
4939.78  3.53202e+29
4940.07  3.52957e+29
4940.37  3.52662e+29
4940.67  3.52312e+29
4940.97   3.5191e+29
4941.26  3.51458e+29
4941.56  3.50938e+29
4941.86  3.50342e+29
4942.16  3.49687e+29
4942.45  3.48973e+29
4942.75  3.48175e+29
4943.05   3.4729e+29
4943.35  3.46345e+29
4943.64  3.45344e+29
4943.94  3.44259e+29
4944.24  3.43087e+29
4944.54  3.41874e+29
4944.83  3.40635e+29
4945.13   3.3933e+29
4945.43  3.37963e+29
4945.73  3.36607e+29
4946.02  3.35288e+29
4946.32  3.33952e+29
4946.62   3.3261e+29
4946.92   3.3137e+29
4947.21  3.30266e+29
4947.51  3.29224e+29
4947.81  3.28262e+29
4948.11  3.27525e+29
 4948.4  3.27051e+29
 4948.7   3.2674e+29
   4949  3.26613e+29
 4949.3  3.26845e+29
4949.59  3.27461e+29
4949.89   3.2818e+29
   4950  3.28776e+29
4950.19  3.29507e+29
4950.49  3.30903e+29
4950.78  3.32862e+29
4951.08  3.35131e+29
4951.38  3.37703e+29
4951.68  3.40754e+29
4951.97  3.44282e+29
4952.27  3.48077e+29
4952.57  3.52098e+29
4952.87   3.5652e+29
4953.16  3.61311e+29
4953.46  3.66205e+29
4953.76  3.71152e+29
4954.06  3.76306e+29
4954.35  3.81597e+29
4954.65  3.86752e+29
4954.95  3.91712e+29
4955.25  3.96594e+29
4955.54  4.01299e+29
4955.84  4.05598e+29
4956.14  4.09441e+29
4956.44  4.12895e+29
4956.73  4.15884e+29
4957.03  4.18244e+29
4957.33  4.19947e+29
4957.63  4.21039e+29
4957.92  4.21477e+29
4958.22  4.21182e+29
4958.52  4.20169e+29
4958.82  4.18471e+29
4959.11  4.16082e+29
4959.41  4.13035e+29
4959.71  4.09385e+29
4960.01  4.05141e+29
 4960.3  4.00343e+29
 4960.6  3.95122e+29
 4960.9  3.89561e+29
 4961.2  3.83632e+29
4961.49  3.77408e+29
4961.79  3.71085e+29
4962.09  3.64755e+29
4962.39  3.58363e+29
4962.68  3.51963e+29
4962.98  3.45794e+29
4963.28  3.39946e+29
4963.58    3.343e+29
4963.87  3.28891e+29
4964.17  3.23961e+29
4964.47   3.1957e+29
4964.77  3.15543e+29
4965.06  3.11897e+29
4965.36  3.08864e+29
4965.66  3.06444e+29
4965.96  3.04428e+29
4966.25  3.02828e+29
4966.55  3.01822e+29
4966.85  3.01376e+29
4967.15  3.01278e+29
4967.44  3.01513e+29
4967.74  3.02224e+29
4968.04  3.03362e+29
4968.34  3.04732e+29
4968.63  3.06299e+29
4968.93  3.08176e+29
4969.23  3.10319e+29
4969.53   3.1255e+29
4969.82  3.14606e+29
   4970  3.16188e+29
4970.12  3.17639e+29
4970.42  3.19741e+29
4970.72  3.22244e+29
4971.02  3.24693e+29
4971.31  3.27077e+29
4971.61  3.29459e+29
4971.91  3.31813e+29
4972.21   3.3405e+29
 4972.5  3.36166e+29
 4972.8  3.38212e+29
 4973.1  3.40174e+29
 4973.4  3.41997e+29
4973.69  3.43681e+29
4973.99  3.45268e+29
4974.29  3.46739e+29
4974.58  3.48077e+29
4974.88  3.49319e+29
4975.18  3.50464e+29
4975.48  3.51501e+29
4975.78  3.52426e+29
4976.07  3.53248e+29
4976.37  3.53871e+29
4976.48  3.54294e+29
4976.67  3.54613e+29
4976.78  3.54926e+29
4976.97  3.55207e+29
4977.08  3.55477e+29
4977.26  3.55718e+29
4977.38  3.55959e+29
4977.56  3.56174e+29
4977.68  3.56385e+29
4977.86   3.5657e+29
4977.98  3.56752e+29
4978.16   3.5691e+29
4978.28  3.57062e+29
4978.45  3.57195e+29
4978.58  3.57326e+29
4978.75  3.57441e+29
4978.88   3.5755e+29
4979.05  3.57645e+29
4979.18  3.57735e+29
4979.35  3.57811e+29
4979.48  3.57883e+29
4979.64  3.57942e+29
4979.78  3.57999e+29
4979.94  3.58045e+29
4980.08  3.58086e+29
4980.24  3.58121e+29
4980.39   3.5815e+29
4980.54  3.58171e+29
4980.69  3.58185e+29
4980.83  3.58195e+29
4980.99  3.58198e+29
4981.13  3.58197e+29
4981.29  3.58189e+29
4981.43  3.58178e+29
4981.59  3.58158e+29
4981.73  3.58137e+29
4981.89  3.58106e+29
4982.02  3.58074e+29
4982.19  3.58032e+29
4982.32   3.5799e+29
4982.49  3.57936e+29
4982.62  3.57882e+29
4982.79  3.57816e+29
4982.92  3.57749e+29
4983.09   3.5767e+29
4983.21  3.57592e+29
4983.39  3.57496e+29
4983.51  3.57402e+29
4983.69   3.5729e+29
4983.81   3.5718e+29
4983.99  3.57049e+29
4984.11   3.5692e+29
4984.29  3.56769e+29
 4984.4  3.56622e+29
4984.59  3.56446e+29
 4984.7  3.56272e+29
4984.89  3.56069e+29
   4985  3.55867e+29
4985.19  3.55635e+29
 4985.3  3.55401e+29
4985.49  3.55139e+29
4985.59  3.54875e+29
4985.79   3.5457e+29
4985.89  3.54262e+29
4986.09  3.53913e+29
4986.19   3.5356e+29
4986.39  3.53162e+29
4986.49  3.52758e+29
4986.69  3.52313e+29
4986.78   3.5186e+29
4986.99  3.51347e+29
4987.08  3.50824e+29
4987.29  3.50243e+29
4987.38  3.49648e+29
4987.59  3.48992e+29
4987.68  3.48306e+29
 4987.9  3.47566e+29
4987.97  3.46822e+29
 4988.2  3.45672e+29
 4988.5  3.43955e+29
 4988.8  3.41933e+29
 4989.1  3.39679e+29
 4989.4  3.37179e+29
 4989.7  3.34415e+29
   4990  3.31372e+29
 4990.3  3.27973e+29
 4990.6  3.24264e+29
 4990.9  3.20239e+29
 4991.2  3.15883e+29
 4991.5  3.11194e+29
 4991.8  3.06167e+29
 4992.1   3.0081e+29
 4992.4   2.9513e+29
 4992.7  2.89137e+29
   4993  2.82852e+29
 4993.3  2.76303e+29
 4993.6  2.69527e+29
 4993.9  2.62567e+29
 4994.2  2.55467e+29
 4994.5  2.48284e+29
 4994.8  2.41088e+29
 4995.1  2.33789e+29
4995.41  2.26437e+29
4995.71   2.1946e+29
4996.01  2.12981e+29
4996.31  2.06929e+29
4996.61  2.01416e+29
4996.91   1.9655e+29
4997.21   1.9242e+29
4997.51  1.89126e+29
4997.81  1.86781e+29
4998.11  1.85492e+29
4998.41  1.85351e+29
4998.71  1.86401e+29
4999.01  1.88707e+29
4999.31  1.92329e+29
4999.61  1.97316e+29
4999.91  2.03679e+29
5000.21  2.11371e+29
5000.51  2.20357e+29
5000.81  2.30597e+29
5001.11  2.42044e+29
5001.41  2.54578e+29
5001.71  2.68046e+29
5002.01  2.82278e+29
5002.31  2.97152e+29
5002.61    3.122e+29
5002.92  3.27252e+29
5003.22  3.42639e+29
5003.52    3.581e+29
5003.82  3.73169e+29
5004.12  3.87621e+29
5004.42  4.01229e+29
5004.72   4.1377e+29
5005.02   4.2502e+29
5005.32  4.34845e+29
5005.62  4.43063e+29
5005.92  4.49554e+29
5006.22  4.54185e+29
5006.52  4.56891e+29
5006.82  4.57636e+29
5007.12   4.5638e+29
5007.42  4.53159e+29
5007.72  4.48028e+29
5008.02  4.41058e+29
5008.32  4.32378e+29
5008.62  4.22108e+29
5008.92  4.10405e+29
5009.22   3.9747e+29
5009.52  3.83528e+29
5009.82  3.70445e+29
   5010  3.60605e+29
5010.12  3.51312e+29
5010.42  3.38189e+29
5010.73  3.23093e+29
5011.03  3.07833e+29
5011.33  2.92565e+29
5011.63  2.77746e+29
5011.93   2.6357e+29
5012.23  2.50231e+29
5012.53  2.37877e+29
5012.83  2.26622e+29
5013.13   2.1654e+29
5013.43  2.07696e+29
5013.73  2.00197e+29
5014.03  1.94069e+29
5014.33  1.89297e+29
5014.63  1.85853e+29
5014.93  1.83707e+29
5015.23  1.82839e+29
5015.53  1.83183e+29
5015.83  1.84647e+29
5016.13   1.8713e+29
5016.43  1.90539e+29
5016.73  1.94794e+29
5017.03  1.99787e+29
5017.33  2.05402e+29
5017.63  2.11525e+29
5017.93  2.18054e+29
5018.23  2.25082e+29
5018.54   2.3248e+29
5018.84   2.3981e+29
5019.14  2.47016e+29
5019.44  2.54196e+29
5019.74  2.61293e+29
5020.04  2.68249e+29
5020.34  2.75009e+29
5020.64  2.81533e+29
5020.94  2.87786e+29
5021.24  2.93748e+29
5021.54  2.99397e+29
5021.84   3.0472e+29
5022.14  3.09708e+29
5022.44   3.1436e+29
5022.74  3.18678e+29
5023.04  3.22669e+29
5023.34  3.26341e+29
5023.64  3.29705e+29
5023.94  3.32776e+29
5024.24  3.35569e+29
5024.54  3.38099e+29
5024.84  3.40384e+29
5025.14  3.42442e+29
5025.44  3.44288e+29
5025.74  3.45941e+29
5026.04  3.47429e+29
5026.35  3.48765e+29
5026.65   3.4994e+29
5026.95  3.50973e+29
5027.25   3.5189e+29
5027.55  3.52702e+29
5027.85  3.53422e+29
5028.15  3.54059e+29
5028.45  3.54624e+29
5028.75  3.55125e+29
5029.05  3.55571e+29
5029.35  3.55969e+29
5029.65  3.56324e+29
5029.95  3.56604e+29
   5030  3.56724e+29
5030.25  3.56816e+29
5030.55  3.56924e+29
5030.85  3.57015e+29
5031.15  3.57087e+29
5031.45  3.57142e+29
5031.75  3.57183e+29
5032.05  3.57212e+29
5032.35  3.57231e+29
5032.65   3.5724e+29
5032.95  3.57243e+29
5033.25   3.5724e+29
5033.55  3.57233e+29
5033.85  3.57221e+29
5034.16  3.57206e+29
5034.46  3.57188e+29
5034.76  3.57167e+29
5035.06  3.57145e+29
5035.36  3.57122e+29
5035.66  3.57096e+29
5035.96   3.5707e+29
5036.26  3.57055e+29
   5050  3.55665e+29
   5070  3.62243e+29
   5090  3.59075e+29
   5110   3.6077e+29
   5130  3.58235e+29
   5150  3.56244e+29
   5170  3.54213e+29
   5190  3.57522e+29
   5210  3.59149e+29
   5230  3.61813e+29
   5250  3.65451e+29
   5270  3.57573e+29
   5290  3.67841e+29
   5310  3.70968e+29
   5330    3.641e+29
   5350  3.71778e+29
   5370  3.72031e+29
   5390  3.70497e+29
   5410  3.69405e+29
   5430  3.70615e+29
   5450  3.75282e+29
   5470  3.73325e+29
   5490  3.74121e+29
   5510  3.74396e+29
   5530  3.77123e+29
   5550  3.79522e+29
   5570  3.78044e+29
   5590   3.7698e+29
   5610  3.80288e+29
   5630  3.80726e+29
   5650  3.81204e+29
   5670  3.79305e+29
   5690  3.83507e+29
   5710   3.8008e+29
   5730  3.88793e+29
   5750  3.86718e+29
   5770  3.87866e+29
   5790   3.8483e+29
   5810  3.88915e+29
   5830  3.92189e+29
   5850  3.89843e+29
   5870  3.96301e+29
   5890  3.82593e+29
   5910  3.90241e+29
   5930   3.9148e+29
   5950  3.91515e+29
   5970  3.94769e+29
   5990   3.9304e+29
   6010  3.92241e+29
   6030  3.95445e+29
   6050  3.98247e+29
   6070  3.98262e+29
   6090  3.95207e+29
   6110  3.96155e+29
   6130  3.91031e+29
   6150  3.93579e+29
   6170  3.90737e+29
   6190   3.9715e+29
   6210  3.97052e+29
   6230  3.93594e+29
   6250  3.88922e+29
   6270  3.96823e+29
   6290  4.03548e+29
   6310  3.97925e+29
   6330  3.93292e+29
   6350  3.93545e+29
   6370  3.94502e+29
   6390  3.96938e+29
   6410  3.95142e+29
   6430   3.9717e+29
   6450  3.97753e+29
   6470  3.98296e+29
   6490  3.94677e+29
   6510  3.95562e+29
6523.64  3.96165e+29
6524.04  3.96183e+29
6524.43    3.962e+29
6524.82  3.96218e+29
6525.22  3.96236e+29
6525.61  3.96253e+29
   6526  3.96271e+29
 6526.4  3.96289e+29
6526.79  3.96307e+29
6527.19  3.96325e+29
6527.58  3.96314e+29
6527.97  3.96324e+29
6528.37  3.96331e+29
6528.76  3.96336e+29
6529.15  3.96336e+29
6529.55  3.96332e+29
6529.94  3.96329e+29
   6530  3.96315e+29
6530.34  3.96303e+29
6530.73  3.96278e+29
6531.12   3.9624e+29
6531.52  3.96188e+29
6531.91  3.96117e+29
 6532.3  3.96027e+29
 6532.7  3.95909e+29
6533.09  3.95759e+29
6533.49  3.95568e+29
6533.88  3.95334e+29
6534.27  3.95044e+29
6534.67  3.94682e+29
6535.06   3.9424e+29
6535.46  3.93701e+29
6535.85  3.93056e+29
6536.24  3.92278e+29
6536.64  3.91338e+29
6537.03  3.90227e+29
6537.42  3.88909e+29
6537.82  3.87337e+29
6538.21  3.85507e+29
 6538.6  3.83364e+29
   6539  3.80839e+29
6539.39  3.77906e+29
6539.79  3.74513e+29
6540.18   3.7066e+29
6540.57  3.66252e+29
6540.97  3.61167e+29
6541.36  3.55394e+29
6541.76  3.48869e+29
6542.15  3.41648e+29
6542.54  3.33586e+29
6542.94  3.24491e+29
6543.33  3.14591e+29
6543.72   3.0371e+29
6544.12  2.91604e+29
6544.51  2.78411e+29
6544.91   2.6412e+29
 6545.3  2.49053e+29
6545.69  2.32966e+29
6546.09   2.1552e+29
6546.48  1.97541e+29
6546.87  1.78715e+29
6547.27  1.58648e+29
6547.66  1.37926e+29
6548.06  1.16687e+29
6548.45  9.58532e+28
6548.84  7.49919e+28
6549.24  5.35255e+28
6549.63  3.32033e+28
   6550  1.91434e+28
6550.02  9.28845e+27
6550.42 -5.44497e+27
6550.81 -2.35988e+28
6551.21 -4.02083e+28
 6551.6 -5.36742e+28
6551.99 -6.48654e+28
6552.39 -7.48481e+28
6552.78 -8.06851e+28
6553.17 -8.34302e+28
6553.57 -8.43609e+28
6553.96 -8.19103e+28
6554.36  -7.5923e+28
6554.75 -6.46274e+28
6555.14 -4.96675e+28
6555.54 -3.27956e+28
6555.93 -1.24363e+28
6556.33  1.12467e+28
6556.72  3.97324e+28
6557.11  7.09729e+28
6557.51  1.02963e+29
 6557.9   1.3845e+29
6558.29   1.7542e+29
6558.69  2.11992e+29
6559.08  2.49129e+29
6559.48   2.8628e+29
6559.87  3.23971e+29
6560.26  3.60371e+29
6560.66  3.94033e+29
6561.05  4.26236e+29
6561.44  4.55579e+29
6561.84  4.81176e+29
6562.23  5.03367e+29
6562.63  5.21868e+29
6563.02  5.36316e+29
6563.41  5.46427e+29
6563.81  5.52451e+29
 6564.2  5.53743e+29
6564.59  5.50712e+29
6564.99  5.44312e+29
6565.38  5.34245e+29
6565.78  5.20789e+29
6566.17  5.03055e+29
6566.56  4.82517e+29
6566.96  4.60975e+29
6567.35  4.37697e+29
6567.75  4.13146e+29
6568.14  3.86267e+29
6568.53  3.58985e+29
6568.93  3.33384e+29
6569.32  3.06632e+29
6569.71  2.82067e+29
   6570   2.6687e+29
6570.11  2.54534e+29
 6570.5  2.37026e+29
 6570.9  2.17863e+29
6571.29  1.99174e+29
6571.68  1.82833e+29
6572.08  1.70561e+29
6572.47  1.59227e+29
6572.86  1.50445e+29
6573.26  1.45689e+29
6573.65  1.43267e+29
6574.05  1.43007e+29
6574.44  1.43649e+29
6574.83  1.46317e+29
6575.23  1.51921e+29
6575.62  1.58061e+29
6576.01  1.65634e+29
6576.41  1.75297e+29
 6576.8  1.85848e+29
 6577.2   1.9707e+29
6577.59  2.08125e+29
6577.98  2.19571e+29
6578.38  2.31805e+29
6578.77  2.43525e+29
6579.16  2.55176e+29
6579.56  2.67031e+29
6579.95  2.78478e+29
6580.35  2.89453e+29
6580.74  2.99617e+29
6581.13  3.09251e+29
6581.53  3.18549e+29
6581.92  3.27015e+29
6582.31  3.34872e+29
6582.71  3.42275e+29
 6583.1  3.49038e+29
 6583.5  3.55182e+29
6583.89  3.60638e+29
6584.28  3.65558e+29
6584.68  3.70041e+29
6585.07  3.73966e+29
6585.46  3.77447e+29
6585.86  3.80566e+29
6586.25    3.833e+29
6586.65  3.85684e+29
6587.04  3.87729e+29
6587.43    3.895e+29
6587.83  3.91048e+29
6588.22  3.92374e+29
6588.62  3.93506e+29
6589.01   3.9446e+29
 6589.4  3.95268e+29
 6589.8  3.95887e+29
   6590  3.96273e+29
6590.19  3.96601e+29
6590.58  3.97021e+29
6590.98  3.97431e+29
6591.37  3.97772e+29
6591.77  3.98057e+29
6592.16  3.98292e+29
6592.55  3.98487e+29
6592.95  3.98651e+29
6593.34  3.98786e+29
6593.73  3.98898e+29
6594.13  3.98992e+29
6594.52  3.99072e+29
6594.92  3.99138e+29
6595.31  3.99195e+29
 6595.7  3.99243e+29
 6596.1  3.99285e+29
6596.49  3.99322e+29
6596.88  3.99355e+29
6597.28  3.99384e+29
6597.67   3.9941e+29
6598.07  3.99463e+29
6598.46  3.99479e+29
6598.85  3.99495e+29
6599.25  3.99512e+29
6599.64  3.99529e+29
6600.04  3.99546e+29
6600.43  3.99563e+29
6600.82   3.9958e+29
6601.22  3.99597e+29
6601.61  3.99615e+29
   6602  3.99632e+29
   6610  3.99986e+29
   6630   4.0087e+29
   6650  4.01755e+29
   6670   4.0264e+29
   6690  4.03525e+29
   6710   4.0441e+29
   6730  4.05294e+29
   6750  4.06179e+29
   6770  4.07064e+29
   6790  4.07949e+29
   6810  4.08833e+29
   6830  4.10916e+29
   6850  4.08105e+29
   6870  4.10834e+29
   6890  4.13989e+29
   6910  4.13585e+29
   6930  4.12992e+29
   6950  4.11917e+29
   6970  4.14577e+29
   6990  4.14302e+29
   7010  4.12212e+29
   7030  4.15711e+29
   7050  4.17573e+29
   7070  4.13236e+29
   7090  4.13362e+29
   7110  4.10474e+29
   7130  4.38418e+29
   7150  4.14095e+29
   7170  4.12274e+29
   7190  4.07817e+29
   7210  4.11972e+29
   7230  4.14715e+29
   7250  4.16338e+29
   7270  4.17142e+29
   7290  4.13536e+29
   7310  4.18366e+29
   7330  4.27002e+29
   7350  4.21634e+29
   7370  4.26324e+29
   7390  4.23503e+29
   7410  4.22472e+29
   7430  4.27683e+29
   7450  4.28996e+29
   7470   4.3167e+29
   7490  4.32097e+29
   7510  4.34588e+29
   7530  4.38481e+29
   7550   4.4098e+29
   7570  4.40819e+29
   7590  4.38484e+29
   7610  4.36809e+29
   7630  4.32917e+29
   7650  4.30403e+29
   7670  4.23809e+29
   7690  4.28876e+29
   7710  4.24913e+29
   7730  4.26829e+29
   7750  4.25933e+29
   7770  4.27634e+29
   7790  4.30463e+29
   7810  4.31585e+29
   7830  4.30206e+29
   7850    4.284e+29
   7870  4.30418e+29
   7890    4.264e+29
   7910   4.2192e+29
   7930  4.23466e+29
   7950  4.22037e+29
   7970  4.29519e+29
   7990  4.29258e+29
   8010  4.35607e+29
   8030  4.36742e+29
   8050  4.36646e+29
   8070  4.39795e+29
   8090  4.38638e+29
   8110  4.41783e+29
   8130  4.47429e+29
   8150  4.50814e+29
   8170  4.53791e+29
   8190   4.5066e+29
   8210  4.45353e+29
   8230  4.46361e+29
   8250  4.47355e+29
   8270  4.48983e+29
   8290  4.46928e+29
   8310  4.40916e+29
   8330   4.3788e+29
   8350  4.40502e+29
   8370  4.39598e+29
   8390   4.3445e+29
   8410  4.40597e+29
   8430   4.3357e+29
   8450  4.31404e+29
   8470  4.26032e+29
   8490  4.36039e+29
   8510  4.14387e+29
   8530  4.39536e+29
   8550  3.89303e+29
   8570  4.52283e+29
   8590  4.36963e+29
   8610  4.36206e+29
   8630  4.61257e+29
   8650  4.52782e+29
   8670  3.95378e+29
   8690   4.5792e+29
   8710    4.715e+29
   8730  4.68257e+29
   8750  4.36375e+29
   8770  4.66486e+29
   8790  4.81804e+29
   8810  4.80535e+29
   8830  4.79484e+29
   8850  4.65301e+29
   8870  4.36882e+29
   8890  4.70945e+29
   8910  4.79234e+29
   8930  4.78056e+29
   8950  4.78615e+29
   8970  4.79668e+29
   8990  4.75705e+29
   9010  4.43064e+29
   9030  4.63989e+29
   9050      4.8e+29
   9070      4.8e+29
   9090      4.8e+29
   9110      4.8e+29
   9130      4.8e+29
   9150      4.8e+29
   9170      4.8e+29
   9190      4.8e+29
   9210  4.78372e+29
   9230  4.44275e+29
   9250  4.67527e+29
   9270  4.78456e+29
   9290  4.78486e+29
   9310  4.80403e+29
   9330  4.82593e+29
   9350  4.80948e+29
   9370  4.77348e+29
   9390  4.83371e+29
   9410  4.78335e+29
   9430  4.85214e+29
   9450  4.84027e+29
   9470  4.88987e+29
   9490   4.8862e+29
   9510  4.82021e+29
   9530  4.76973e+29
   9550  4.54406e+29
   9570  4.79297e+29
   9590  4.90818e+29
   9610  4.89782e+29
   9630  4.92484e+29
   9650  4.90257e+29
   9670  4.90912e+29
   9690  4.95359e+29
   9710  4.91314e+29
   9730  4.89286e+29
   9750  4.89004e+29
   9770  4.91079e+29
   9790  4.88392e+29
   9810  4.94039e+29
   9830  4.92515e+29
   9850  4.93976e+29
   9870  4.92716e+29
   9890  4.92646e+29
   9910  4.92866e+29
   9930  4.94297e+29
   9950  4.95417e+29
   9970   4.9561e+29
   9990  4.94558e+29
  10025  4.86095e+29
  10075  4.79464e+29
  10125  4.96003e+29
  10175  4.94453e+29
  10225  4.96974e+29
  10275  4.98816e+29
  10325  5.28595e+29
  10375  4.94804e+29
  10425  4.97447e+29
  10475  4.93379e+29
  10525  4.91536e+29
  10575  4.85863e+29
  10625    4.838e+29
  10675  4.82884e+29
  10725  4.85672e+29
  10775  4.84039e+29
  10825  5.27848e+29
  10875  4.78813e+29
  10925  4.74776e+29
  10975  4.71089e+29
  11025  4.74395e+29
  11075   4.7009e+29
  11125  4.70456e+29
  11175   4.6892e+29
  11225  4.70298e+29
  11275  4.67509e+29
  11325  4.67281e+29
  11375  4.66999e+29
  11425  4.64749e+29
  11475  4.68596e+29
  11525  4.68173e+29
  11575  4.65352e+29
  11625  4.61268e+29
  11675  4.61444e+29
  11725  4.63172e+29
  11775  4.57258e+29
  11825   4.5486e+29
  11875  4.49141e+29
  11925  4.54344e+29
  11975  4.45594e+29
  12025  4.51999e+29
  12075  4.49707e+29
  12125  4.50278e+29
  12175   4.5124e+29
  12225  4.50059e+29
  12275   4.4755e+29
  12325  4.46689e+29
  12375  4.45783e+29
  12425  4.42666e+29
  12475  4.41223e+29
  12525  4.39291e+29
  12575  4.38055e+29
  12625  4.36506e+29
  12675  4.34998e+29
  12725  4.35099e+29
  12775  4.36186e+29
  12825  4.54394e+29
  12875  4.29722e+29
  12925   4.2853e+29
  12975  4.31159e+29
  13025  4.28476e+29
  13075  4.29218e+29
  13125  4.24528e+29
  13175  4.23703e+29
  13225  4.23973e+29
  13275  4.19674e+29
  13325   4.2116e+29
  13375  4.18713e+29
  13425  4.19966e+29
  13475  4.17971e+29
  13525  4.16903e+29
  13575  4.12829e+29
  13625   4.1207e+29
  13675    4.132e+29
  13725  4.13823e+29
  13775  4.13536e+29
  13825  4.13623e+29
  13875  4.10682e+29
  13925  4.00498e+29
  13975  3.99552e+29
  14025  3.96445e+29
  14075   3.9844e+29
  14125  3.95414e+29
  14175  3.97332e+29
  14225  3.93977e+29
  14275   3.9156e+29
  14325  3.95876e+29
  14375  3.97071e+29
  14425  3.90745e+29
  14475  3.96429e+29
  14525  3.93295e+29
  14570   3.9501e+29
  14620  3.90105e+29
  14675  3.89532e+29
  14725  3.86518e+29
  14775   3.8876e+29
  14825  3.89321e+29
  14875  3.87583e+29
  14925  3.93033e+29
  14975  3.90713e+29
  15025  3.89352e+29
  15075  3.87965e+29
  15125  3.92715e+29
  15175  3.93863e+29
  15225  3.94557e+29
  15275  3.94398e+29
  15325  3.93716e+29
  15375  3.95955e+29
  15425  3.92632e+29
  15475  3.96108e+29
  15525   3.9422e+29
  15575  3.79446e+29
  15625  3.84656e+29
  15675  3.84167e+29
  15725  3.87605e+29
  15775  3.73708e+29
  15825  3.71733e+29
  15875  3.67095e+29
  15925  3.82057e+29
  15975  3.74623e+29
  16050  3.71363e+29
  16150  3.73849e+29
  16250  3.68206e+29
  16350  3.77629e+29
  16450  3.66414e+29
  16550   3.7305e+29
  16650  3.62758e+29
  16750  3.64829e+29
  16850  3.55272e+29
  16950  3.61324e+29
  17050  3.57175e+29
  17150  3.54018e+29
  17250  3.51107e+29
  17350  3.38803e+29
  17450  3.42037e+29
  17550  3.38121e+29
  17650  3.34586e+29
  17750  3.29138e+29
  17850  3.26443e+29
  17950  3.21895e+29
  18050   3.1553e+29
  18150  3.09339e+29
  18250  3.08257e+29
  18350  3.05168e+29
  18450  3.01136e+29
  18550  2.98341e+29
  18650  2.92736e+29
  18750  3.64819e+29
  18850  2.86651e+29
  18950  2.79998e+29
  19050  2.81694e+29
  19150  2.77383e+29
  19250  2.74928e+29
  19350  2.69578e+29
  19450  2.67481e+29
  19550   2.6371e+29
  19650  2.60058e+29
  19750  2.55268e+29
  19850  2.53043e+29
  19950   2.5049e+29
  20050  2.49295e+29
  20150  2.46746e+29
  20250  2.42231e+29
  20350   2.3975e+29
  20450  2.39402e+29
  20550  2.37338e+29
  20650  2.33389e+29
  20750  2.31445e+29
  20850  2.29103e+29
  20950  2.26044e+29
  21050   2.2517e+29
  21150  2.22204e+29
  21250  2.22007e+29
  21350  2.18329e+29
  21450  2.15965e+29
  21550  2.13261e+29
  21650   2.1565e+29
  21750  2.07761e+29
  21850  2.05991e+29
  21950  2.04358e+29
  22050  2.00718e+29
  22150  2.00163e+29
  22250  1.96638e+29
  22350  1.94773e+29
  22450  1.92811e+29
  22550  1.90994e+29
  22650  1.88106e+29
  22750  1.87233e+29
  22850  1.84223e+29
  22950  1.60245e+29
  23050  1.69229e+29
  23150  1.68432e+29
  23250   1.4853e+29
  23350  1.58397e+29
  23450  1.53531e+29
  23550  1.38893e+29
  23650   1.4891e+29
  23750  1.44542e+29
  23850  1.33186e+29
  23950  1.40901e+29
  24050  1.39187e+29
  24150  1.29226e+29
  24250  1.34596e+29
  24350  1.32316e+29
  24450  1.26377e+29
  24550  1.26049e+29
  24650  1.27288e+29
  24750  1.23102e+29
  24850  1.14136e+29
  24950  1.13134e+29
  25050  1.15578e+29
  25150  1.08705e+29
  25250  1.11415e+29
  25350  1.11995e+29
  25450  1.10421e+29
  25550  1.09556e+29
  25650  1.09678e+29
  25750  1.11163e+29
  25850  1.07734e+29
  25950  1.08762e+29
  26050  1.09061e+29
  26150  1.06972e+29
  26250  1.17821e+29
  26350   1.0682e+29
  26450  1.06448e+29
  26550  1.05148e+29
  26650  1.03744e+29
  26750  1.04494e+29
  26850  1.04303e+29
  26950  1.02497e+29
  27050  1.02961e+29
  27150   1.0228e+29
  27250  1.02169e+29
  27350  1.00228e+29
  27450  1.00492e+29
  27550  9.96904e+28
  27650  9.90766e+28
  27750  9.80668e+28
  27850  9.81257e+28
  27950  9.80756e+28
  28050  9.72742e+28
  28150  9.60105e+28
  28250     9.57e+28
  28350   9.5446e+28
  28450    9.453e+28
  28550    9.336e+28
  28650    9.228e+28
  28750    9.073e+28
  28850     9.05e+28
  28950    8.958e+28
  29050    8.856e+28
  29150    8.776e+28
  29250    8.639e+28
  29350    8.596e+28
  29450    8.471e+28
  29550    8.385e+28
  29650    8.317e+28
  29750    8.227e+28
  29850    8.123e+28
  29950    8.035e+28
  30050     7.95e+28
  30150     7.89e+28
  30250      7.8e+28
  30350    7.652e+28
  30450    7.635e+28
  30550    7.577e+28
  30650    7.507e+28
  30750    7.448e+28
  30850    7.362e+28
  30950    7.299e+28
  31050    7.249e+28
  31150    7.146e+28
  31250    7.102e+28
  31350    7.036e+28
  31450    6.966e+28
  31550    6.891e+28
  31650    6.821e+28
  31750    6.771e+28
  31850    6.706e+28
  31950    6.651e+28
  32100    6.551e+28
  32300    6.424e+28
  32500    6.302e+28
  32700    6.176e+28
  32900    6.016e+28
  33100    5.924e+28
  33300    5.808e+28
  33500    5.705e+28
  33700    5.586e+28
  33900    5.466e+28
  34100    5.352e+28
  34300    5.254e+28
  34500     5.15e+28
  34700    5.044e+28
  34900    4.943e+28
  35100    4.846e+28
  35300    4.741e+28
  35500     4.65e+28
  35700    4.552e+28
  35900    4.464e+28
  36100    4.377e+28
  36300    4.294e+28
  36500    4.195e+28
  36700    4.117e+28
  36900    4.018e+28
  37100     3.94e+28
  37300    3.868e+28
  37500    3.766e+28
  37700    3.726e+28
  37900    3.652e+28
  38100     3.58e+28
  38300    3.518e+28
  38500    3.456e+28
  38700    3.381e+28
  38900    3.318e+28
  39100    3.252e+28
  39300    3.199e+28
  39500     3.13e+28
  39700    3.073e+28
  39900    3.004e+28
  40100    2.953e+28
  40300    2.901e+28
  40500  4.36273e+28
  40700  2.79803e+28
  40900     2.75e+28
  41100    2.703e+28
  41300    2.657e+28
  41500    2.606e+28
  41700    2.552e+28
  41900    2.514e+28
  42100    2.467e+28
  42300    2.433e+28
  42500    2.386e+28
  42700    2.349e+28
  42900    2.229e+28
  43100    2.123e+28
  43300     2.13e+28
  43500    2.026e+28
  43700    1.971e+28
  43900    1.934e+28
  44100     1.84e+28
  44300    1.826e+28
  44500    1.785e+28
  44700     1.71e+28
  44900    1.721e+28
  45100    1.674e+28
  45300    1.619e+28
  45500    1.618e+28
  45700    1.595e+28
  45900    1.533e+28
  46100    1.545e+28
  46300    1.509e+28
  46500    1.486e+28
  46700    1.473e+28
  46900    1.452e+28
  47100    1.423e+28
  47300    1.426e+28
  47500    1.396e+28
  47700    1.377e+28
  47900    1.358e+28
  48100    1.327e+28
  48300    1.333e+28
  48500    1.307e+28
  48700    1.281e+28
  48900    1.268e+28
  49100    1.247e+28
  49300     1.23e+28
  49500     1.21e+28
  49700    1.202e+28
  49900    1.183e+28
  50100    1.171e+28
  50300    1.155e+28
  50500    1.129e+28
  50700    1.119e+28
  50900    1.106e+28
  51100    1.086e+28
  51300    1.071e+28
  51500    1.058e+28
  51700    1.055e+28
  51900    1.035e+28
  52100    1.021e+28
  52300    1.006e+28
  52500    9.982e+27
  52700     9.95e+27
  52900    9.695e+27
  53100    9.555e+27
  53300    9.488e+27
  53500    9.367e+27
  53700    9.257e+27
  53900    9.158e+27
  54100    9.044e+27
  54300    8.885e+27
  54500    8.843e+27
  54700    8.687e+27
  54900    8.609e+27
  55100    8.471e+27
  55300    8.501e+27
  55500    8.271e+27
  55700    8.257e+27
  55900    8.113e+27
  56100    8.063e+27
  56300    7.904e+27
  56500     7.87e+27
  56700    7.767e+27
  56900    7.622e+27
  57100    7.595e+27
  57300    7.505e+27
  57500     7.41e+27
  57700    7.313e+27
  57900    7.263e+27
  58100    7.153e+27
  58300    7.075e+27
  58500     6.99e+27
  58700    6.881e+27
  58900     6.81e+27
  59100    6.711e+27
  59300    6.667e+27
  59500    6.573e+27
  59700    6.522e+27
  59900    6.446e+27
  60100    6.372e+27
  60300    6.295e+27
  60500    6.203e+27
  60700    6.137e+27
  60900    6.063e+27
  61100    5.986e+27
  61300    5.931e+27
  61500    5.868e+27
  61700    5.816e+27
  61900    5.744e+27
  62100    5.688e+27
  62300     5.61e+27
  62500    5.531e+27
  62700    5.472e+27
  62900    5.413e+27
  63100     5.35e+27
  63300    5.306e+27
  63500    5.236e+27
  63700    5.195e+27
  63900    5.115e+27
  64200    5.041e+27
  64600    4.922e+27
  65000    4.816e+27
  65400    4.708e+27
  65800    4.611e+27
  66200    4.506e+27
  66600    4.409e+27
  67000    4.316e+27
  67400    4.219e+27
  67800    4.128e+27
  68200    4.038e+27
  68600    3.955e+27
  69000    3.868e+27
  69400    3.787e+27
  69800    3.707e+27
  70200    3.628e+27
  70600    3.553e+27
  71000    3.478e+27
  71400    3.407e+27
  71800    3.335e+27
  72200    3.268e+27
  72600      3.2e+27
  73000    3.135e+27
  73400     3.07e+27
  73800    3.009e+27
  74200    2.943e+27
  74600    2.877e+27
  75000     2.82e+27
  75400     2.77e+27
  75800    2.717e+27
  76200    2.664e+27
  76600    2.612e+27
  77000     2.56e+27
  77400    2.511e+27
  77800    2.462e+27
  78200    2.415e+27
  78600    2.369e+27
  79000    2.324e+27
  79400     2.28e+27
  79800    2.237e+27
  80200    2.194e+27
  80600    2.153e+27
  81000    2.114e+27
  81400    2.074e+27
  81800    2.036e+27
  82200    1.999e+27
  82600    1.962e+27
  83000    1.927e+27
  83400    1.891e+27
  83800    1.858e+27
  84200    1.825e+27
  84600    1.792e+27
  85000     1.76e+27
  85400    1.729e+27
  85800    1.699e+27
  86200    1.669e+27
  86600    1.641e+27
  87000    1.612e+27
  87400    1.584e+27
  87800    1.557e+27
  88200     1.53e+27
  88600    1.504e+27
  89000    1.478e+27
  89400    1.454e+27
  89800    1.429e+27
  90200    1.405e+27
  90600    1.382e+27
  91000    1.358e+27
  91400    1.335e+27
  91800    1.314e+27
  92200    1.293e+27
  92600    1.271e+27
  93000    1.251e+27
  93400     1.23e+27
  93800    1.211e+27
  94200    1.191e+27
  94600    1.172e+27
  95000    1.154e+27
  95400    1.136e+27
  95800    1.118e+27
  96200      1.1e+27
  96600    1.083e+27
  97000    1.066e+27
  97400    1.049e+27
  97800    1.033e+27
  98200    1.018e+27
  98600    1.002e+27
  99000    9.871e+26
  99400     9.72e+26
  99800    9.573e+26
 100200    9.429e+26
 200000    7.188e+25
 400000    7.205e+24
 600000    2.366e+24
 800000    1.191e+24
  1e+06    7.292e+23
1.2e+06    5.035e+23
1.4e+06    3.704e+23
1.6e+06    2.848e+23
