     91  0.00360555
     94  0.00352231
     96  0.00351677
     98  0.00349201
    100  0.00346877
    102  0.00344689
    104  0.00342619
    106  0.00340637
    108  0.00338794
    110  0.00339722
    114  0.00333476
    118  0.00326981
    121  0.00325014
    125  0.00317073
    127  0.00315688
    128  0.00317429
    131  0.00310418
    132  0.00312139
    134  0.00310009
    137  0.00305973
    140  0.00303075
    143   0.0030119
    147  0.00297009
    151  0.00293976
    155  0.00291249
    159  0.00288023
    162  0.00287914
    166  0.00285252
    170  0.00282823
    173  0.00283214
    177  0.00280557
    180  0.00279764
    182  0.00281541
    186  0.00280088
    191  0.00277072
    194  0.00278537
    198   0.0027726
    202  0.00276192
    205   0.0027806
    210  0.00277383
    216  0.00275691
    220  0.00276733
    223  0.00278484
    227  0.00400833
    230   0.0127859
    234   0.0137014
    240   0.0133891
    246   0.0132454
    252   0.0129822
    257   0.0123386
    260    0.012596
    264   0.0125907
    269   0.0123425
    274   0.0120964
    279   0.0117941
    284   0.0116537
    290   0.0113882
    296   0.0109012
    301   0.0100917
    308   0.0101068
    318   0.0103246
    328   0.0101518
    338  0.00988058
    348  0.00966365
    357  0.00962662
    366  0.00964931
    375  0.00955588
    385   0.0093609
    395  0.00953767
    405   0.0096651
    414  0.00966923
    422  0.00962497
    430  0.00970912
    441  0.00983535
    451   0.0099312
    460   0.0099677
    470   0.0100715
    480   0.0102677
    490   0.0103753
    500   0.0106286
    506   0.0111668
    512   0.0122117
    520   0.0125047
    530   0.0127075
    540   0.0127733
    550    0.013118
    560   0.0137801
    570   0.0142587
    580   0.0146064
    590   0.0150864
    600   0.0153969
    610   0.0157737
    620   0.0164827
    630   0.0170186
    640   0.0176818
    650    0.018162
    658    0.018571
    665   0.0193364
    675   0.0199765
    685   0.0205188
    695   0.0214087
    705   0.0220368
    716    0.023142
    726   0.0241105
    735   0.0250318
    745   0.0259012
    755   0.0268385
    765   0.0277581
    775   0.0289854
    785   0.0300942
    795   0.0313591
    805   0.0327643
    815    0.034176
    825   0.0355586
    835   0.0366337
    845    0.038576
    855   0.0402257
    865   0.0420683
    875   0.0439046
    885   0.0457777
    895   0.0476884
    905   0.0526143
    915   0.0786077
    925    0.121501
    935    0.165774
    945    0.214695
    955    0.248899
    965    0.268565
    975    0.216972
    985    0.286113
    995      0.3032
   1005    0.330642
   1015    0.320483
   1025    0.264369
   1035    0.327456
   1045    0.389518
   1055    0.407729
   1065    0.405187
   1075    0.421497
   1085    0.417221
   1095    0.454278
   1105    0.493571
   1115    0.520996
   1125    0.536546
   1135    0.566334
   1145    0.571976
   1155     0.59535
   1165    0.610497
   1175    0.585005
   1185    0.598791
   1195    0.557415
   1205    0.539288
1208.72    0.502392
 1208.8    0.484751
1208.87    0.482648
1208.94    0.480439
1209.02     0.47803
1209.09    0.475593
1209.16    0.473145
1209.23    0.470466
1209.31     0.46752
1209.38     0.46456
1209.45    0.461448
1209.53    0.458011
 1209.6    0.454578
1209.67    0.450975
1209.75     0.44698
1209.82    0.443018
1209.89    0.439134
1209.96    0.434819
1210.04    0.430017
1210.11    0.425312
1210.18    0.420404
1210.26    0.414923
1210.33    0.409607
 1210.4    0.404531
1210.47    0.398844
1210.55    0.392474
1210.62    0.386393
1210.69    0.380115
1210.77     0.37306
1210.84     0.36642
1210.91    0.359603
1210.99    0.351914
1211.06    0.344799
1211.13     0.33838
 1211.2    0.331059
1211.28    0.322741
1211.35    0.315242
1211.42     0.30767
 1211.5    0.299007
1211.57    0.291382
1211.64    0.283751
1211.72    0.274937
1211.79    0.267407
1211.86    0.261332
1211.93    0.254085
1212.01    0.245539
1212.08    0.238621
1212.15    0.231889
1212.23    0.223778
 1212.3    0.217584
1212.37    0.213485
1212.44    0.208015
1212.52    0.201015
1212.59    0.196288
1212.66    0.192013
1212.74    0.186128
1212.81    0.182748
1212.88    0.179907
1212.96    0.175398
1213.03    0.173614
 1213.1    0.174707
1213.17    0.174116
1213.25    0.171715
1213.32    0.172265
1213.39    0.173429
1213.47    0.172707
1213.54    0.175014
1213.61    0.177925
1213.69    0.178922
1213.76    0.182948
1213.83    0.189997
 1213.9    0.195043
1213.98    0.198046
1214.05     0.20397
1214.12    0.210322
 1214.2    0.214588
1214.27    0.221589
1214.34    0.231236
1214.41    0.238706
1214.49    0.244026
1214.56     0.25178
1214.63    0.259615
1214.71    0.265335
1214.78    0.273064
1214.85    0.280718
1214.93    0.286664
   1215    0.294416
1215.07    0.304321
1215.14    0.312464
1215.22    0.319034
1215.29     0.32663
1215.36    0.333747
1215.44    0.339245
1215.51    0.345278
1215.58    0.350723
1215.66    0.354838
1215.73    0.358977
 1215.8    0.362792
1215.87    0.365389
1215.95    0.367119
1216.02    0.368295
1216.09    0.368766
1216.17    0.368769
1216.24    0.367825
1216.31    0.365591
1216.38    0.363132
1216.46    0.360799
1216.53    0.357072
 1216.6    0.352774
1216.68    0.349116
1216.75    0.343779
1216.82    0.338002
 1216.9     0.33334
1216.97    0.326796
1217.04    0.318184
1217.11    0.310996
1217.19    0.305492
1217.26    0.297968
1217.33    0.290396
1217.41    0.284913
1217.48    0.277303
1217.55    0.269817
1217.63    0.264828
 1217.7    0.257687
1217.77    0.248367
1217.84    0.241761
1217.92    0.237929
1217.99    0.232027
1218.06    0.226568
1218.14    0.224062
1218.21    0.219517
1218.28    0.212993
1218.35    0.209499
1218.43    0.209057
 1218.5      0.2067
1218.57    0.204953
1218.65    0.206231
1218.72    0.205633
1218.79    0.205649
1218.87    0.208588
1218.94    0.209738
1219.01    0.209226
1219.08    0.211545
1219.16    0.216552
1219.23    0.219919
 1219.3    0.223798
1219.38    0.230137
1219.45    0.234892
1219.52    0.240076
 1219.6    0.247468
1219.67    0.253353
1219.74    0.257892
1219.81    0.264465
1219.89    0.272894
1219.96    0.279962
1220.03    0.287199
1220.11    0.296008
1220.18    0.303535
1220.25    0.309906
1220.32    0.317678
 1220.4    0.326683
1220.47    0.334522
1220.54     0.34234
1220.62    0.351149
1220.69    0.358884
1220.76    0.366535
1220.84    0.374962
1220.91     0.38241
1220.98    0.388975
1221.05    0.396198
1221.13     0.40396
 1221.2    0.410869
1221.27    0.417595
1221.35    0.424708
1221.42    0.431062
1221.49    0.437215
1221.57    0.443637
1221.64    0.449392
1221.71    0.454551
1221.78    0.459932
1221.86    0.465462
1221.93    0.470435
   1222    0.475206
1222.08    0.480063
1222.15    0.484447
1222.22    0.488414
1222.29    0.492448
1222.37     0.49651
1222.44    0.500191
1222.51    0.503707
1222.59     0.50722
1222.66     0.51042
1222.73    0.513474
1222.81    0.516508
1222.88    0.519286
1222.95    0.521843
1223.02    0.524386
 1223.1      0.5269
1223.17     0.52922
1223.24    0.545619
   1225    0.593619
   1235    0.659905
   1245    0.731548
   1255    0.762475
   1265    0.752479
   1275    0.874705
   1285    0.946331
   1295    0.924582
   1305    0.890693
   1315    0.983443
   1325     1.01464
   1335    0.998731
   1345     1.07207
   1355     1.06713
   1365     1.03812
   1375     1.07441
   1385     1.08529
   1395     1.08054
   1405     1.07657
   1415     1.08102
   1425     1.10335
   1435     1.08976
   1442     1.12531
   1447     1.16652
   1455      1.1547
   1465     1.11793
   1475     1.10691
   1485     1.13444
   1495     1.16138
   1505     1.16004
   1512     1.12553
   1517     1.14335
   1525     1.10319
   1535     1.07219
   1545     1.13226
   1555     1.10427
   1565     1.09082
   1575     1.13072
   1585     1.17042
   1595     1.19572
   1605     1.16962
   1615     1.15116
   1625     1.11507
   1635     1.12955
   1645     1.13306
   1655     1.09649
   1665     1.13311
   1672     1.05786
   1677     1.16377
   1685     1.20351
   1695     1.16475
   1705     1.13985
   1715     1.13298
   1725     1.13454
   1735     1.16135
   1745     1.16311
   1755     1.18982
   1765     1.13595
   1775     1.16583
   1785     1.17544
   1795     1.21674
   1805     1.19992
   1815     1.18492
   1825     1.16475
   1835     1.13604
   1845     1.10004
   1855     1.11541
   1865     1.13117
   1875     1.14285
   1885     1.13398
   1895     1.13141
   1905     1.12008
   1915     1.12723
   1925      1.1211
   1935     1.10278
   1945     1.13475
   1955     1.13479
   1967     1.15435
   1976     1.15274
   1984     1.13414
   1995     1.11386
   2005     1.10205
   2015     1.08648
   2025     1.08278
   2035     1.09328
   2045     1.09933
   2055      1.0267
   2065     1.03556
   2074     1.10069
   2078     1.12821
   2085     1.12217
   2095     1.10086
   2105     1.08095
   2115     1.08219
   2125     1.07948
   2135     1.03407
   2145     1.05986
   2155     1.06712
   2165     1.04218
   2175     1.03586
   2185     1.03962
   2195     1.05991
   2205     1.04054
   2215     1.00344
   2225    0.999342
   2235     1.02968
   2245     1.00097
   2255    0.976811
   2265    0.982191
   2275     1.00005
   2285     1.01118
   2295    0.987675
   2305    0.978177
   2315    0.955352
   2325     0.88826
   2335    0.913901
   2345    0.902395
   2355     0.93631
   2365     0.90168
   2375    0.905776
   2385    0.866906
   2395    0.887685
   2405    0.882067
   2415    0.891928
   2425    0.919957
   2435    0.915402
   2445    0.930971
   2455    0.925388
   2465    0.919508
   2475    0.904135
   2485    0.905341
   2495    0.896809
   2505    0.925624
   2513    0.875512
   2518    0.873343
   2525    0.860759
   2535    0.859931
   2545    0.864382
   2555    0.887925
   2565     0.88644
   2575    0.904875
   2585    0.903431
   2595    0.891633
   2605    0.875463
   2615    0.869332
   2625    0.894612
   2635    0.913311
   2645    0.954731
   2655    0.959495
   2665     0.92335
   2675    0.933028
   2685    0.931965
   2695    0.912603
   2705    0.917836
   2715    0.896859
   2725    0.894528
   2735    0.900645
   2745    0.853371
   2755    0.856442
   2765    0.873122
   2775    0.889236
   2785    0.849774
   2795    0.759061
   2805    0.781485
   2815    0.878808
   2825    0.912261
   2835    0.902777
   2845    0.885202
   2855    0.872069
   2865    0.900471
   2875    0.902951
   2885     0.90211
   2895    0.903322
   2910    0.933388
   2930     0.91914
   2950    0.910485
   2970    0.914856
   2990    0.917619
   3010    0.920867
   3030    0.917438
   3050     0.91561
   3070    0.916293
   3090    0.917939
   3110     0.91274
   3130    0.906881
   3150    0.907974
   3170    0.904052
   3190    0.885019
   3210    0.887825
   3230    0.879057
   3250     0.89429
   3270    0.905616
   3290     0.90447
   3310    0.902129
   3330    0.895651
   3350    0.885896
   3370     0.87194
   3390    0.871509
   3410     0.87333
   3430    0.872623
   3450    0.871731
   3470    0.870233
   3490    0.873803
   3510    0.877634
   3530      0.8711
   3550    0.873971
   3570    0.849921
   3590    0.844716
   3610    0.853614
   3630    0.855021
   3640    0.857447
   3650    0.877292
   3670    0.865377
   3690    0.841645
3704.66    0.854494
3704.88     0.86366
3705.11    0.864098
3705.33    0.864535
3705.55    0.864972
3705.78     0.86541
   3706    0.865847
3706.22    0.866279
3706.45    0.866714
3706.67    0.867148
3706.89    0.867582
3707.12    0.868014
3707.34    0.868445
3707.56    0.868876
3707.79    0.869305
3708.01    0.869731
3708.24    0.870154
3708.46    0.870575
3708.68    0.870991
3708.91    0.871402
3709.13    0.871808
3709.35    0.872206
3709.58    0.872593
 3709.8    0.872958
   3710    0.873204
3710.02    0.873215
3710.25    0.872936
3710.47    0.872592
 3710.7    0.872222
3710.92    0.871826
3711.14    0.871396
3711.37    0.870923
3711.59    0.870404
3711.81    0.869828
3712.04    0.869179
3712.26    0.868457
3712.48    0.867643
3712.71    0.866713
3712.93    0.865657
3713.16    0.864455
3713.38    0.863103
 3713.6    0.861565
3713.83    0.859795
3714.05    0.857808
3714.27    0.855553
 3714.5    0.852965
3714.72     0.85008
3714.94    0.846829
3715.17     0.84312
3715.39    0.838957
3715.62    0.834302
3715.84    0.829204
3716.06    0.823554
3716.29    0.817213
3716.51    0.810366
3716.73    0.802877
3716.96    0.794567
3717.18    0.785734
 3717.4    0.776214
3717.63    0.765788
3717.85    0.754647
3718.08    0.742809
 3718.3    0.730619
3718.52    0.717859
3718.75    0.704236
3718.97    0.690547
3719.19    0.676514
3719.42    0.661808
3719.64    0.647469
3719.86    0.633178
3720.09    0.618506
3720.31    0.604769
3720.53    0.591593
3720.76    0.578479
3720.98    0.566239
3721.21    0.555065
3721.43    0.545985
3721.65    0.538427
3721.88    0.531693
 3722.1    0.527693
3722.32    0.525709
3722.55    0.524917
3722.77    0.527309
3722.99    0.532018
3723.22    0.538075
3723.44    0.546472
3723.67    0.557175
3723.89    0.571112
3724.11    0.587176
3724.34    0.604217
3724.56    0.623957
3724.78    0.645192
3725.01    0.666817
3725.23    0.690322
3725.45    0.714451
3725.68    0.738124
 3725.9    0.761832
3726.13    0.785241
3726.35    0.808509
3726.57    0.830663
 3726.8    0.850962
3727.02    0.869921
3727.24    0.886863
3727.47    0.901369
3727.69     0.91357
3727.91    0.923155
3728.14    0.930109
3728.36    0.934409
3728.59    0.936067
3728.81    0.934696
3729.03     0.93067
3729.26    0.924626
3729.48     0.91576
 3729.7    0.904735
3729.93    0.894946
   3730    0.886851
3730.15    0.877598
3730.37    0.864392
 3730.6    0.849712
3730.82    0.834388
3731.05    0.818704
3731.27    0.801972
3731.49    0.785424
3731.72    0.770301
3731.94    0.754889
3732.16    0.740388
3732.39    0.727983
3732.61    0.715849
3732.83    0.705097
3733.06    0.696793
3733.28    0.689997
3733.51    0.684753
3733.73    0.680196
3733.95    0.677145
3734.18    0.676383
 3734.4    0.676211
3734.62    0.677358
3734.85     0.68042
3735.07    0.683868
3735.29    0.688284
3735.52    0.694102
3735.74     0.70004
3735.96    0.706523
3736.19    0.713916
3736.41    0.721542
3736.64    0.729292
3736.86    0.736723
3737.08    0.744136
3737.31    0.751734
3737.53    0.758846
3737.75    0.765704
3737.98     0.77247
 3738.2    0.778666
3738.42    0.784467
3738.65        0.79
3738.87    0.795069
 3739.1    0.799668
3739.32    0.803712
3739.54    0.807317
3739.77    0.810562
3739.99    0.813319
3740.21    0.815674
3740.44    0.817683
3740.66    0.819291
3740.88    0.820557
3741.11    0.821517
3741.33    0.822169
3741.56    0.822536
3741.78    0.822648
   3742    0.822525
3742.23    0.822179
3742.45    0.821648
3742.67    0.820937
 3742.9    0.820044
3743.12    0.819023
3743.34    0.817867
3743.57    0.816563
3743.79    0.815145
3744.02    0.813623
3744.24    0.812036
3744.46    0.810364
3744.69    0.808581
3744.91    0.806758
3745.13    0.804869
3745.36    0.802884
3745.58    0.800876
 3745.8    0.798814
3746.03    0.796666
3746.25    0.794471
3746.48    0.792231
 3746.7    0.789988
3746.92    0.787705
3747.15    0.785349
3747.37    0.782997
3747.59    0.780613
3747.82    0.778161
3748.04    0.775721
3748.26    0.773256
3748.49    0.770727
3748.71    0.768218
3748.93     0.76569
3749.16    0.761396
   3750    0.691388
   3770    0.719879
   3790     1.04678
   3810      1.1576
   3830    0.875216
   3850     1.23071
   3870     1.24554
   3890    0.602352
   3910     1.29496
   3930     1.24389
   3950     1.25398
   3970    0.492365
   3990     1.31203
   4010     1.44088
   4030      1.4474
   4050     1.43501
   4070     1.39451
 4078.2     1.34375
4078.45     1.32794
 4078.7     1.32606
4078.94     1.32418
4079.19     1.32229
4079.43     1.32041
4079.68     1.31853
4079.93     1.31665
4080.17     1.31477
4080.42     1.31289
4080.66     1.31101
4080.91     1.30913
4081.16     1.30725
 4081.4     1.30538
4081.65      1.3035
 4081.9     1.30162
4082.14     1.29975
4082.39     1.29787
4082.63     1.29599
4082.88     1.29412
4083.13     1.29225
4083.37     1.29037
4083.62     1.28849
4083.86     1.28662
4084.11     1.28475
4084.36     1.28287
 4084.6     1.28101
4084.85     1.27913
 4085.1     1.27726
4085.34     1.27539
4085.59     1.27352
4085.83     1.27165
4086.08     1.26978
4086.33      1.2679
4086.57     1.26603
4086.82     1.26415
4087.06     1.26227
4087.31     1.26038
4087.56     1.25848
 4087.8     1.25658
4088.05     1.25465
 4088.3     1.25272
4088.54     1.25076
4088.79     1.24876
4089.03     1.24673
4089.28     1.24466
4089.53     1.24252
4089.77     1.24036
   4090     1.23867
4090.02     1.23742
4090.26     1.23527
4090.51     1.23241
4090.76     1.22938
   4091     1.22621
4091.25      1.2228
 4091.5     1.21915
4091.74     1.21524
4091.99     1.21102
4092.23     1.20645
4092.48     1.20138
4092.73     1.19585
4092.97     1.18987
4093.22     1.18321
4093.47     1.17591
4093.71       1.168
4093.96     1.15935
 4094.2     1.14989
4094.45     1.13941
 4094.7       1.128
4094.94     1.11581
4095.19     1.10264
4095.43     1.08848
4095.68     1.07304
4095.93     1.05657
4096.17     1.03937
4096.42     1.02091
4096.67     1.00152
4096.91    0.981629
4097.16    0.961014
 4097.4    0.939802
4097.65    0.917728
 4097.9    0.895307
4098.14    0.873096
4098.39    0.850931
4098.63    0.828993
4098.88    0.807125
4099.13    0.785913
4099.37    0.765949
4099.62    0.746743
4099.87    0.728878
4100.11    0.712874
4100.36    0.698577
 4100.6    0.686162
4100.85    0.675581
 4101.1    0.667214
4101.34    0.661308
4101.59    0.657733
4101.83    0.656528
4102.08    0.657688
4102.33     0.66125
4102.57      0.6671
4102.82    0.675248
4103.07    0.685506
4103.31    0.697553
4103.56    0.711312
 4103.8    0.726585
4104.05    0.743441
 4104.3    0.761425
4104.54    0.779969
4104.79    0.799106
4105.03    0.818601
4105.28     0.83859
4105.53    0.858524
4105.77    0.877784
4106.02    0.896953
4106.27    0.915446
4106.51    0.932757
4106.76    0.949124
   4107    0.964427
4107.25    0.978968
 4107.5    0.992324
4107.74     1.00411
4107.99     1.01467
4108.23     1.02399
4108.48     1.03236
4108.73     1.03954
4108.97     1.04535
4109.22      1.0503
4109.47     1.05423
4109.71     1.05704
4109.96      1.0587
   4110     1.06059
 4110.2     1.06534
4110.45     1.07158
 4110.7     1.07748
4110.94     1.08272
4111.19      1.0876
4111.44     1.09208
4111.68     1.09616
4111.93     1.09998
4112.17     1.10359
4112.42     1.10707
4112.67     1.11043
4112.91     1.11366
4113.16     1.11683
 4113.4     1.11997
4113.65     1.12311
 4113.9     1.12623
4114.14     1.12937
4114.39     1.13253
4114.64     1.13573
4114.88     1.13895
4115.13      1.1422
4115.37     1.14549
4115.62     1.14882
4115.87     1.15219
4116.11     1.15559
4116.36     1.15902
 4116.6     1.16249
4116.85     1.16597
 4117.1     1.16949
4117.34     1.17303
4117.59     1.17658
4117.84     1.18014
4118.08     1.18373
4118.33     1.18733
4118.57     1.19094
4118.82     1.19456
4119.07     1.19817
4119.31      1.2018
4119.56     1.20544
4119.81     1.20907
4120.05     1.21272
 4120.3     1.21636
4120.54        1.22
4120.79     1.22365
4121.04     1.22729
4121.28     1.23094
4121.53     1.23459
4121.77     1.23823
4122.02     1.24188
4122.27     1.24552
4122.51     1.24917
4122.76     1.25281
4123.01     1.25646
4123.25     1.26011
 4123.5     1.26375
4123.74     1.26739
4123.99     1.27103
4124.24     1.27467
4124.48     1.27831
4124.73     1.28195
4124.97     1.28559
4125.22     1.28923
4125.47     1.29286
4125.71      1.2965
4125.96     1.30013
4126.21     1.30377
4126.45      1.3074
 4126.7     1.31103
4126.94     1.31466
4127.19     1.32815
   4130     1.36976
   4150     1.39327
   4170     1.39567
   4190     1.38688
   4210     1.38114
   4230      1.3672
   4250     1.36081
   4270     1.33634
   4290     1.31407
   4310     1.25979
4315.65     1.22208
4315.91     1.21271
4316.17     1.21107
4316.43     1.20943
4316.69     1.20779
4316.95     1.20615
4317.21     1.20451
4317.47     1.20287
4317.73     1.20123
4317.99      1.1996
4318.25     1.19796
4318.52     1.19632
4318.78     1.19468
4319.04     1.19305
 4319.3     1.19141
4319.56     1.18978
4319.82     1.18814
4320.08     1.18651
4320.34     1.18488
 4320.6     1.18324
4320.86     1.18161
4321.12     1.17997
4321.38     1.17834
4321.64     1.17672
 4321.9     1.17508
4322.16     1.17346
4322.42     1.17183
4322.68      1.1702
4322.94     1.16858
 4323.2     1.16695
4323.46     1.16534
4323.73     1.16372
4323.99      1.1621
4324.25     1.16048
4324.51     1.15886
4324.77     1.15725
4325.03     1.15564
4325.29     1.15402
4325.55      1.1524
4325.81     1.15078
4326.07     1.14917
4326.33     1.14753
4326.59     1.14589
4326.85     1.14423
4327.11     1.14256
4327.37     1.14085
4327.63      1.1391
4327.89     1.13731
4328.15     1.13546
4328.41     1.13352
4328.67     1.13147
4328.94     1.12927
 4329.2     1.12695
4329.46     1.12446
4329.72     1.12179
4329.98     1.11954
   4330      1.1181
4330.24     1.11592
 4330.5     1.11278
4330.76     1.10921
4331.02     1.10523
4331.28     1.10076
4331.54     1.09577
 4331.8      1.0902
4332.06     1.08397
4332.32     1.07704
4332.58     1.06935
4332.84     1.06086
 4333.1     1.05151
4333.36     1.04127
4333.62      1.0301
4333.88      1.0177
4334.15     1.00397
4334.41    0.989569
4334.67     0.97458
4334.93     0.95871
4335.19    0.942046
4335.45    0.924667
4335.71    0.906673
4335.97    0.888186
4336.23    0.869371
4336.49     0.85037
4336.75    0.831379
4337.01    0.812586
4337.27     0.79421
4337.53    0.776468
4337.79    0.759576
4338.05    0.743761
4338.31    0.729247
4338.57    0.716237
4338.83     0.70494
4339.09    0.695527
4339.35    0.687864
4339.62    0.682222
4339.88    0.679236
4340.14    0.678863
 4340.4    0.680877
4340.66     0.68527
4340.92    0.692018
4341.18    0.701017
4341.44    0.712178
 4341.7    0.725322
4341.96    0.740296
4342.22    0.756884
4342.48    0.774862
4342.74    0.793985
   4343    0.813993
4343.26    0.834619
4343.52    0.855595
4343.78    0.876664
4344.04    0.897566
 4344.3    0.918541
4344.57     0.93938
4344.83    0.958915
4345.09    0.976935
4345.35    0.993787
4345.61     1.00933
4345.87     1.02348
4346.13     1.03617
4346.39     1.04736
4346.65     1.05703
4346.91     1.06521
4347.17     1.07193
4347.43     1.07724
4347.69     1.08121
4347.95     1.08394
4348.21     1.08551
4348.47     1.08604
4348.73     1.08563
4348.99      1.0844
4349.25     1.08246
4349.51     1.08008
4349.78     1.07738
   4350     1.07505
4350.04     1.07487
 4350.3      1.0757
4350.56     1.07652
4350.82      1.0772
4351.08     1.07781
4351.34     1.07841
 4351.6     1.07904
4351.86     1.07975
4352.12     1.08057
4352.38     1.08153
4352.64     1.08264
 4352.9     1.08391
4353.16     1.08535
4353.42     1.08698
4353.68     1.08877
4353.94     1.09073
 4354.2     1.09286
4354.46     1.09514
4354.72     1.09758
4354.99     1.10015
4355.25     1.10283
4355.51     1.10563
4355.77     1.10852
4356.03     1.11151
4356.29     1.11457
4356.55     1.11771
4356.81     1.12091
4357.07     1.12417
4357.33     1.12746
4357.59      1.1308
4357.85     1.13417
4358.11     1.13757
4358.37       1.141
4358.63     1.14445
4358.89     1.14792
4359.15     1.15139
4359.41     1.15488
4359.67     1.15837
4359.93     1.16187
 4360.2     1.16539
4360.46      1.1689
4360.72     1.17241
4360.98     1.17594
4361.24     1.17946
 4361.5     1.18299
4361.76     1.18651
4362.02     1.19003
4362.28     1.19356
4362.54     1.19708
 4362.8     1.20061
4363.06     1.20413
4363.32     1.20765
4363.58     1.21118
4363.84      1.2147
 4364.1     1.21822
4364.36     1.22174
4364.62     1.22526
4364.88     1.22878
4365.15      1.2323
4365.41     1.23582
4365.67     1.23933
4365.93     1.24285
4366.19     1.24637
4366.45     1.24988
4366.71     1.25339
4366.97     1.25691
4367.23     1.26042
4367.49     1.27184
   4370     1.29865
   4390      1.2959
   4410     1.30206
   4430     1.30594
   4450     1.30791
   4470     1.30439
   4490     1.30723
   4510     1.32441
   4530     1.29443
   4550     1.28592
   4570     1.30031
   4590     1.28238
   4610     1.28204
   4630     1.26587
   4650      1.2653
   4670      1.2625
   4690     1.23883
   4710     1.22231
   4730     1.23703
   4750     1.24024
   4770     1.23186
   4790     1.22047
   4810     1.20331
   4830     1.18339
4834.84     1.15558
4835.13     1.14587
4835.42     1.14377
4835.71     1.14168
   4836     1.13959
4836.29      1.1375
4836.59     1.13541
4836.88     1.13331
4837.17     1.13123
4837.46     1.12914
4837.75     1.12706
4838.05     1.12497
4838.34     1.12289
4838.63     1.12081
4838.92     1.11874
4839.21     1.11666
 4839.5      1.1146
 4839.8     1.11254
4840.09     1.11049
4840.38     1.10844
4840.67     1.10642
4840.96      1.1044
4841.26      1.1024
4841.55     1.10042
4841.84     1.09846
4842.13     1.09654
4842.42     1.09464
4842.72     1.09279
4843.01     1.09098
 4843.3     1.08924
4843.59     1.08755
4843.88     1.08594
4844.17     1.08442
4844.47     1.08297
4844.76     1.08165
4845.05     1.08046
4845.34      1.0794
4845.63     1.07848
4845.93     1.07771
4846.22     1.07712
4846.51     1.07673
 4846.8     1.07655
4847.09     1.07658
4847.38      1.0768
4847.68     1.07716
4847.97     1.07778
4848.26     1.07866
4848.55     1.07973
4848.84     1.08088
4849.14     1.08207
4849.43     1.08342
4849.72     1.08489
   4850     1.08596
4850.01     1.08691
 4850.3     1.08819
4850.59     1.08958
4850.89     1.09047
4851.18     1.09118
4851.47     1.09166
4851.76     1.09161
4852.05     1.09052
4852.35     1.08815
4852.64     1.08517
4852.93      1.0815
4853.22     1.07664
4853.51     1.06997
4853.81     1.06128
 4854.1     1.05157
4854.39     1.04088
4854.68     1.02864
4854.97      1.0148
4855.26    0.998596
4855.56    0.980064
4855.85    0.960784
4856.14    0.940905
4856.43    0.919862
4856.72    0.896991
4857.02    0.872478
4857.31    0.848266
 4857.6      0.8246
4857.89    0.800893
4858.18    0.777444
4858.47    0.753953
4858.77    0.730844
4859.06    0.709681
4859.35    0.690663
4859.64    0.673418
4859.93    0.657859
4860.23    0.644432
4860.52    0.633914
4860.81      0.6262
 4861.1    0.621136
4861.39    0.618758
4861.68    0.619255
4861.98    0.622796
4862.27    0.628819
4862.56    0.636982
4862.85    0.647366
4863.14    0.660292
4863.44    0.675679
4863.73    0.692106
4864.02    0.709075
4864.31     0.72693
 4864.6    0.746196
 4864.9    0.766555
4865.19    0.786188
4865.48    0.804782
4865.77    0.822843
4866.06    0.840141
4866.35    0.857353
4866.65    0.874258
4866.94    0.889081
4867.23    0.901814
4867.52    0.913196
4867.81     0.92378
4868.11    0.933486
 4868.4    0.941087
4868.69    0.946666
4868.98    0.950931
4869.27    0.953993
4869.56    0.956299
4869.86    0.957708
   4870    0.958531
4870.15     0.96102
4870.44    0.964506
4870.73    0.967694
4871.02    0.970531
4871.32    0.973064
4871.61    0.974871
 4871.9    0.976143
4872.19    0.977203
4872.48      0.9781
4872.77     0.97903
4873.07    0.980002
4873.36    0.980854
4873.65    0.981665
4873.94    0.982571
4874.23    0.983649
4874.53    0.984881
4874.82    0.986199
4875.11    0.987621
 4875.4    0.989203
4875.69     0.99093
4875.98    0.992837
4876.28    0.994889
4876.57     0.99705
4876.86    0.999326
4877.15     1.00171
4877.44     1.00421
4877.74     1.00681
4878.03     1.00949
4878.32     1.01223
4878.61     1.01505
 4878.9     1.01793
 4879.2     1.02085
4879.49     1.02382
4879.78     1.02682
4880.07     1.02985
4880.36     1.03291
4880.65       1.036
4880.95     1.03909
4881.24     1.04221
4881.53     1.04534
4881.82     1.04848
4882.11     1.05162
4882.41     1.05477
 4882.7     1.05793
4882.99     1.06109
4883.28     1.06426
4883.57     1.06743
4883.86      1.0706
4884.16     1.07377
4884.45     1.07693
4884.74      1.0801
4885.03     1.08327
4885.32     1.08644
4885.62     1.08961
4885.91     1.09278
 4886.2     1.09595
4886.49     1.09912
4886.78     1.10229
4887.07     1.10545
4887.37     1.10862
4887.66     1.11179
4887.95     1.11495
4888.24     1.11812
4888.53     1.12128
4888.83     1.12444
4889.12     1.12761
4889.41     1.13077
 4889.7     1.13395
   4890     1.13679
4890.29     1.13751
4890.58     1.13786
4890.87     1.13821
4891.16     1.13856
4891.45     1.13891
4891.74     1.13926
4892.04     1.13961
4892.33     1.13996
4892.62     1.14031
4892.91     1.14766
   4910     1.15721
4928.77     1.14971
4929.07     1.14869
4929.36      1.1485
4929.66     1.14829
4929.96     1.14811
   4930     1.14815
4930.26     1.14831
4930.55     1.14856
4930.85     1.14882
4931.15     1.14907
4931.45     1.14933
4931.74     1.14958
4932.04     1.14984
4932.34     1.15008
4932.64     1.15033
4932.93     1.15057
4933.23     1.15079
4933.53     1.15102
4933.83     1.15124
4934.12     1.15146
4934.42     1.15166
4934.72     1.15186
4935.02     1.15204
4935.31     1.15221
4935.61     1.15237
4935.91      1.1525
4936.21     1.15262
 4936.5     1.15272
 4936.8     1.15279
 4937.1     1.15284
 4937.4     1.15286
4937.69     1.15284
4937.99     1.15279
4938.29      1.1527
4938.59     1.15257
4938.88     1.15239
4939.18     1.15216
4939.48     1.15187
4939.78     1.15152
4940.07     1.15112
4940.37     1.15065
4940.67     1.15009
4940.97     1.14947
4941.26     1.14878
4941.56     1.14799
4941.86     1.14711
4942.16     1.14616
4942.45     1.14514
4942.75     1.14401
4943.05     1.14277
4943.35     1.14147
4943.64     1.14012
4943.94     1.13866
4944.24     1.13712
4944.54     1.13555
4944.83     1.13396
4945.13      1.1323
4945.43     1.13062
4945.73     1.12895
4946.02     1.12735
4946.32     1.12575
4946.62     1.12419
4946.92     1.12277
4947.21     1.12152
4947.51     1.12039
4947.81     1.11939
4948.11     1.11865
 4948.4     1.11823
 4948.7     1.11804
   4949     1.11809
 4949.3     1.11855
4949.59     1.11945
4949.89     1.12041
   4950     1.12126
4950.19     1.12213
4950.49      1.1237
4950.78      1.1259
4951.08     1.12847
4951.38     1.13141
4951.68     1.13483
4951.97     1.13875
4952.27     1.14297
4952.57     1.14745
4952.87     1.15232
4953.16     1.15752
4953.46     1.16285
4953.76     1.16823
4954.06     1.17377
4954.35     1.17939
4954.65     1.18484
4954.95     1.19008
4955.25     1.19514
4955.54     1.19995
4955.84      1.2043
4956.14     1.20813
4956.44     1.21146
4956.73     1.21423
4957.03     1.21629
4957.33      1.2176
4957.63     1.21819
4957.92     1.21802
4958.22     1.21703
4958.52     1.21521
4958.82     1.21261
4959.11     1.20924
4959.41      1.2051
4959.71     1.20027
4960.01     1.19476
 4960.3     1.18866
 4960.6     1.18204
 4960.9     1.17501
 4961.2     1.16758
4961.49     1.15984
4961.79     1.15195
4962.09     1.14401
4962.39     1.13603
4962.68     1.12808
4962.98     1.12034
4963.28     1.11293
4963.58     1.10579
4963.87     1.09897
4964.17     1.09267
4964.47     1.08696
4964.77     1.08172
4965.06     1.07699
4965.36     1.07295
4965.66     1.06961
4965.96     1.06682
4966.25     1.06458
4966.55     1.06305
4966.85      1.0622
4967.15     1.06184
4967.44     1.06196
4967.74     1.06266
4968.04     1.06393
4968.34     1.06556
4968.63      1.0675
4968.93     1.06987
4969.23     1.07261
4969.53     1.07554
4969.82     1.07828
   4970      1.0804
4970.12     1.08227
4970.42     1.08493
4970.72     1.08817
4971.02      1.0914
4971.31      1.0946
4971.61     1.09784
4971.91     1.10111
4972.21     1.10425
 4972.5     1.10727
 4972.8     1.11024
 4973.1     1.11312
 4973.4     1.11584
4973.69      1.1184
4973.99     1.12082
4974.29     1.12312
4974.58     1.12522
4974.88     1.12721
4975.18     1.12906
4975.48     1.13075
4975.78     1.13227
4976.07     1.13364
4976.37     1.13466
4976.48     1.13538
4976.67     1.13591
4976.78     1.13644
4976.97      1.1369
4977.08     1.13735
4977.26     1.13775
4977.38     1.13815
4977.56     1.13849
4977.68     1.13883
4977.86     1.13912
4977.98     1.13942
4978.16     1.13965
4978.28     1.13988
4978.45     1.14007
4978.58     1.14026
4978.75     1.14041
4978.88     1.14054
4979.05     1.14065
4979.18     1.14075
4979.35     1.14082
4979.48     1.14088
4979.64     1.14089
4979.78     1.14092
4979.94     1.14091
4980.08     1.14089
4980.24     1.14085
4980.39     1.14081
4980.54     1.14073
4980.69     1.14064
4980.83     1.14054
4980.99     1.14042
4981.13     1.14029
4981.29     1.14014
4981.43     1.13998
4981.59     1.13981
4981.73     1.13962
4981.89     1.13941
4982.02     1.13919
4982.19     1.13894
4982.32      1.1387
4982.49     1.13843
4982.62     1.13816
4982.79     1.13784
4982.92     1.13754
4983.09      1.1372
4983.21     1.13686
4983.39     1.13648
4983.51     1.13611
4983.69     1.13569
4983.81     1.13529
4983.99     1.13483
4984.11     1.13437
4984.29     1.13388
 4984.4     1.13339
4984.59     1.13284
 4984.7      1.1323
4984.89      1.1317
   4985      1.1311
4985.19     1.13044
 4985.3     1.12978
4985.49     1.12907
4985.59     1.12836
4985.79     1.12757
4985.89      1.1268
4986.09     1.12593
4986.19     1.12507
4986.39     1.12413
4986.49     1.12319
4986.69     1.12217
4986.78     1.12116
4986.99     1.12004
4987.08     1.11892
4987.29     1.11769
4987.38     1.11647
4987.59     1.11513
4987.68     1.11377
 4987.9     1.11231
4987.97     1.11088
 4988.2     1.10872
 4988.5     1.10556
 4988.8     1.10194
 4989.1     1.09803
 4989.4     1.09381
 4989.7     1.08928
   4990     1.08441
 4990.3     1.07923
 4990.6     1.07371
 4990.9     1.06784
 4991.2     1.06162
 4991.5     1.05506
 4991.8     1.04817
 4992.1     1.04095
 4992.4     1.03345
 4992.7     1.02568
   4993     1.01768
 4993.3     1.00949
 4993.6     1.00115
 4993.9    0.992756
 4994.2    0.984332
 4994.5    0.975972
 4994.8    0.967756
 4995.1    0.959614
4995.41    0.951614
4995.71     0.94418
4996.01    0.937439
4996.31    0.931324
4996.61     0.92597
4996.91    0.921463
4997.21    0.917912
4997.51    0.915404
4997.81    0.914047
4998.11    0.913933
4998.41    0.915133
4998.71    0.917689
4999.01    0.921646
4999.31     0.92703
4999.61    0.933873
4999.91    0.942145
5000.21    0.951783
5000.51    0.962718
5000.81    0.974881
5001.11    0.988172
5001.41     1.00245
5001.71     1.01753
5002.01     1.03322
5002.31     1.04934
5002.61     1.06547
5002.92     1.08138
5003.22     1.09728
5003.52      1.1129
5003.82     1.12777
5004.12     1.14166
5004.42     1.15436
5004.72     1.16559
5005.02     1.17516
5005.32      1.1829
5005.62     1.18867
5005.92      1.1923
5006.22     1.19372
5006.52     1.19284
5006.82     1.18964
5007.12     1.18413
5007.42     1.17636
5007.72     1.16639
5008.02     1.15435
5008.32     1.14038
5008.62     1.12463
5008.92     1.10732
5009.22     1.08867
5009.52     1.06894
5009.82     1.05061
   5010     1.03703
5010.12     1.02453
5010.42     1.00682
5010.73    0.986345
5011.03    0.965939
5011.33    0.945802
5011.63    0.926345
5011.93    0.907787
5012.23    0.890364
5012.53    0.874241
5012.83    0.859573
5013.13    0.846444
5013.43     0.83497
5013.73     0.82525
5014.03    0.817336
5014.33    0.811222
5014.63    0.806881
5014.93    0.804297
5015.23    0.803434
5015.53     0.80423
5015.83    0.806581
5016.13     0.81038
5016.43     0.81551
5016.73    0.821877
5017.03     0.82934
5017.33    0.837763
5017.63    0.847019
5017.93    0.856959
5018.23    0.867662
5018.54    0.878992
5018.84    0.890432
5019.14    0.901892
5019.44    0.913455
5019.74    0.925022
5020.04     0.93652
5020.34    0.947851
5020.64    0.958961
5020.94     0.96978
5021.24    0.980272
5021.54    0.990384
5021.84     1.00008
5022.14     1.00935
5022.44     1.01815
5022.74     1.02649
5023.04     1.03436
5023.34     1.04175
5023.64     1.04868
5023.94     1.05515
5024.24     1.06118
5024.54     1.06676
5024.84     1.07193
5025.14      1.0767
5025.44     1.08109
5025.74     1.08513
5026.04     1.08885
5026.35     1.09228
5026.65     1.09538
5026.95     1.09818
5027.25     1.10073
5027.55     1.10304
5027.85     1.10515
5028.15     1.10704
5028.45     1.10878
5028.75     1.11034
5029.05     1.11176
5029.35     1.11304
5029.65      1.1142
5029.95     1.11502
   5030     1.11554
5030.25     1.11589
5030.55     1.11631
5030.85     1.11668
5031.15     1.11699
5031.45     1.11724
5031.75     1.11743
5032.05     1.11757
5032.35     1.11767
5032.65     1.11774
5032.95     1.11777
5033.25     1.11777
5033.55     1.11776
5033.85     1.11772
5034.16     1.11766
5034.46     1.11759
5034.76      1.1175
5035.06      1.1174
5035.36     1.11729
5035.66     1.11717
5035.96     1.11705
5036.26     1.11668
   5050      1.1128
   5070     1.11753
   5090     1.10343
   5110     1.09886
   5130     1.08429
   5150     1.06668
   5170       1.048
   5190     1.04732
   5210     1.05497
   5230     1.05807
   5250     1.05919
   5270     1.03261
   5290     1.05169
   5310     1.05442
   5330     1.03029
   5350     1.04037
   5370     1.03552
   5390     1.02423
   5410     1.01191
   5430     1.01364
   5450     1.01715
   5470      1.0077
   5490     1.00332
   5510    0.996941
   5530    0.995818
   5550    0.994096
   5570    0.983965
   5590    0.975651
   5610    0.977432
   5630    0.972556
   5650    0.968174
   5670    0.958975
   5690    0.956427
   5710    0.944148
   5730    0.951948
   5750    0.942279
   5770    0.938598
   5790    0.930238
   5810    0.935604
   5830     0.93814
   5850    0.929379
   5870    0.918444
   5890    0.903579
   5910    0.911317
   5930    0.909901
   5950    0.906153
   5970    0.904344
   5990    0.896634
   6010    0.889342
   6030     0.88973
   6050    0.889955
   6070    0.884691
   6090    0.873873
   6110      0.8674
   6130    0.854181
   6150     0.85044
   6170    0.843923
   6190     0.84991
   6210    0.845984
   6230    0.834481
   6250    0.824152
   6270    0.830436
   6290    0.829221
   6310    0.816943
   6330    0.814684
   6350    0.810678
   6370     0.80731
   6390    0.806635
   6410    0.799508
   6430    0.797741
   6450    0.792899
   6470    0.788837
   6490    0.781073
   6510     0.77838
6523.64    0.768339
6524.04    0.764422
6524.43    0.763883
6524.82    0.763339
6525.22    0.762786
6525.61     0.76223
   6526    0.761668
 6526.4    0.761099
6526.79    0.760525
6527.19    0.759946
6527.58    0.759364
6527.97    0.758777
6528.37    0.758185
6528.76    0.757589
6529.15    0.756991
6529.55    0.756385
6529.94    0.755889
   6530    0.755473
6530.34    0.754543
6530.73    0.753299
6531.12    0.752009
6531.52    0.750717
6531.91    0.749411
 6532.3     0.74812
 6532.7     0.74683
6533.09    0.745544
6533.49    0.744266
6533.88       0.743
6534.27    0.741748
6534.67    0.740509
6535.06    0.739291
6535.46    0.738099
6535.85    0.736944
6536.24    0.735829
6536.64     0.73476
6537.03    0.733754
6537.42     0.73282
6537.82    0.731964
6538.21    0.731214
 6538.6    0.730581
   6539    0.730075
6539.39    0.729724
6539.79    0.729549
6540.18    0.729589
6540.57     0.72986
6540.97    0.730369
6541.36    0.731158
6541.76    0.732252
6542.15    0.733716
6542.54     0.73555
6542.94     0.73773
6543.33    0.740373
6543.72    0.743448
6544.12    0.746882
6544.51    0.750736
6544.91    0.754994
 6545.3    0.759778
6545.69    0.764945
6546.09    0.770264
6546.48    0.776036
6546.87    0.781981
6547.27    0.787731
6547.66    0.793401
6548.06    0.798828
6548.45    0.804283
6548.84    0.809248
6549.24    0.812983
6549.63    0.816001
   6550    0.818044
6550.02    0.818715
6550.42    0.818184
6550.81    0.816113
6551.21    0.812177
 6551.6    0.807184
6551.99    0.800086
6552.39    0.789605
6552.78    0.777825
6553.17    0.763618
6553.57    0.745662
6553.96    0.725175
6554.36    0.702288
6554.75    0.678775
6555.14    0.653369
6555.54    0.624713
6555.93    0.594783
6556.33    0.564054
6556.72    0.534746
6557.11    0.505673
6557.51     0.47575
 6557.9    0.448851
6558.29    0.423988
6558.69    0.400315
6559.08     0.38003
6559.48      0.3637
6559.87    0.352977
6560.26    0.346985
6560.66    0.345171
6561.05    0.349615
6561.44     0.35955
6561.84    0.374638
6562.23    0.395512
6562.63    0.422001
6563.02     0.45355
6563.41    0.489695
6563.81    0.530444
 6564.2    0.574191
6564.59    0.620757
6564.99    0.670392
6565.38    0.721571
6565.78    0.773451
6566.17    0.823763
6566.56    0.872973
6566.96    0.921838
6567.35    0.968217
6567.75     1.01142
6568.14      1.0492
6568.53     1.08267
6568.93     1.11305
6569.32     1.13674
6569.71     1.15371
   6570     1.16535
6570.11     1.17432
 6570.5     1.18395
 6570.9     1.19165
6571.29     1.19283
6571.68     1.18929
6572.08     1.18269
6572.47     1.17077
6572.86     1.15529
6573.26     1.13782
6573.65     1.11756
6574.05     1.09495
6574.44     1.06976
6574.83     1.04333
6575.23     1.01681
6575.62     0.98923
6576.01     0.96166
6576.41    0.934913
 6576.8    0.908722
 6577.2    0.883329
6577.59    0.858678
6577.98    0.835292
6578.38     0.81358
6578.77    0.793115
6579.16    0.774213
6579.56    0.757069
6579.95    0.741455
6580.35    0.727373
6580.74    0.714698
6581.13    0.703488
6581.53     0.69374
6581.92    0.685234
6582.31    0.677952
6582.71    0.671844
 6583.1    0.666766
 6583.5     0.66263
6583.89    0.659327
6584.28    0.656803
6584.68    0.654988
6585.07    0.653772
6585.46    0.653104
6585.86    0.652927
6586.25     0.65317
6586.65    0.653781
6587.04    0.654707
6587.43    0.655912
6587.83    0.657363
6588.22    0.659023
6588.62    0.660863
6589.01    0.662854
 6589.4    0.664978
 6589.8    0.666932
   6590    0.668302
6590.19    0.668846
6590.58    0.669487
6590.98    0.670307
6591.37    0.671196
6591.77    0.672142
6592.16    0.673134
6592.55    0.674173
6592.95    0.675279
6593.34     0.67639
6593.73    0.677535
6594.13    0.678718
6594.52    0.679929
6594.92    0.681166
6595.31    0.682421
 6595.7    0.683696
 6596.1    0.684999
6596.49    0.686312
6596.88    0.687642
6597.28    0.688994
6597.67    0.690358
6598.07    0.691736
6598.46    0.693116
6598.85    0.694506
6599.25    0.695913
6599.64    0.697325
6600.04    0.698744
6600.43    0.700161
6600.82     0.70158
6601.22     0.70301
6601.61    0.704434
   6602    0.713128
   6610    0.739452
   6630    0.758416
   6650    0.759674
   6670    0.753538
   6690    0.752684
   6710    0.746926
   6730    0.746928
   6750    0.742094
   6770    0.739754
   6790    0.735403
   6810     0.73258
   6830    0.730475
   6850    0.723876
   6870      0.7233
   6890      0.7224
   6910    0.719017
   6930    0.714802
   6950    0.711124
   6970    0.709598
   6990    0.706046
   7010    0.699637
   7030    0.699847
   7050    0.697607
   7070    0.689504
   7090     0.68411
   7110    0.677442
   7130    0.672623
   7150    0.669821
   7170    0.667314
   7190    0.661601
   7210    0.662715
   7230    0.662969
   7250     0.66159
   7270     0.65888
   7290    0.653038
   7310    0.654495
   7330     0.65357
   7350     0.65304
   7370    0.653607
   7390    0.647528
   7410    0.643673
   7430    0.645056
   7450    0.643784
   7470    0.643436
   7490    0.641661
   7510    0.641387
   7530      0.6424
   7550    0.642066
   7570    0.638848
   7590     0.63224
   7610    0.626491
   7630    0.620789
   7650     0.61422
   7670    0.605586
   7690    0.605751
   7710    0.601526
   7730    0.599349
   7750    0.596073
   7770    0.594593
   7790    0.595205
   7810    0.593036
   7830    0.589448
   7850    0.585656
   7870    0.584057
   7890    0.579512
   7910    0.573567
   7930    0.570853
   7950    0.568253
   7970    0.571016
   7990    0.569173
   8010    0.568444
   8030    0.567429
   8050    0.565672
   8070    0.565506
   8090    0.562446
   8110    0.562764
   8130    0.566197
   8150    0.567712
   8170    0.567584
   8190    0.560286
   8210    0.550511
   8230    0.547382
   8250    0.546577
   8270    0.546259
   8290     0.54234
   8310    0.535217
   8330    0.531342
   8350     0.52958
   8370    0.527857
   8390    0.522666
   8410    0.523315
   8430      0.5171
   8450    0.511319
   8470    0.508088
   8490     0.51051
   8510    0.499846
   8530    0.507289
   8550    0.491813
   8570    0.512136
   8590    0.502283
   8610    0.501475
   8630    0.516422
   8650    0.507066
   8670    0.480001
   8690    0.505474
   8710    0.517795
   8730    0.508896
   8750    0.484869
   8770    0.504086
   8790    0.519249
   8810    0.518825
   8830    0.513147
   8850    0.492261
   8870    0.469549
   8890    0.492628
   8910    0.503285
   8930    0.502329
   8950    0.501718
   8970    0.498335
   8990    0.486288
   9010    0.458525
   9030    0.472463
   9050    0.495151
   9070    0.499873
   9090    0.499057
   9110    0.502139
   9130    0.504189
   9150    0.502066
   9170     0.49925
   9190    0.494329
   9210    0.473007
   9230    0.442772
   9250    0.460406
   9270    0.473609
   9290     0.47624
   9310    0.476585
   9330    0.476415
   9350    0.474004
   9370    0.471283
   9390    0.471401
   9410    0.467726
   9430    0.470511
   9450    0.468881
   9470    0.470024
   9490    0.467496
   9510    0.458063
   9530    0.444113
   9550    0.423331
   9570    0.444648
   9590     0.45685
   9610    0.457095
   9630    0.456652
   9650    0.454957
   9670    0.453761
   9690    0.453899
   9710    0.449877
   9730    0.446199
   9750    0.444074
   9770    0.443209
   9790     0.44151
   9810    0.442407
   9830    0.440395
   9850    0.438959
   9870    0.436796
   9890    0.435006
   9910    0.433643
   9930    0.433563
   9950    0.433009
   9970    0.431554
   9990    0.427675
  10025    0.417124
  10075    0.410796
  10125    0.420744
  10175    0.421037
  10225    0.419995
  10275    0.418204
  10325    0.414218
  10375    0.410878
  10425    0.408131
  10475    0.402139
  10525    0.395913
  10575    0.389175
  10625    0.383939
  10675    0.380817
  10725    0.380475
  10775    0.377358
  10825    0.372472
  10875    0.366053
  10925    0.351721
  10975     0.35467
  11025    0.356559
  11075    0.352645
  11125    0.350171
  11175    0.347519
  11225    0.345326
  11275    0.341753
  11325    0.339264
  11375     0.33692
  11425    0.333933
  11475    0.332899
  11525    0.330491
  11575    0.327045
  11625    0.322805
  11675    0.320441
  11725    0.318504
  11775    0.313514
  11825    0.309574
  11875    0.305707
  11925    0.304839
  11975    0.300711
  12025     0.30045
  12075    0.298448
  12125    0.296829
  12175    0.295309
  12225    0.292938
  12275     0.29034
  12325    0.287868
  12375    0.285585
  12425    0.282382
  12475    0.279803
  12525    0.277265
  12575    0.274841
  12625    0.272588
  12675    0.270347
  12725    0.268113
  12775    0.263023
  12825    0.252975
  12875    0.259119
  12925    0.259677
  12975    0.258825
  13025    0.256626
  13075    0.254655
  13125    0.251176
  13175    0.248527
  13225    0.246333
  13275    0.243035
  13325    0.240818
  13375    0.238216
  13425    0.236274
  13475     0.23372
  13525    0.231045
  13575    0.227979
  13625    0.226201
  13675    0.225279
  13725    0.224286
  13775    0.223208
  13825    0.221978
  13875    0.219313
  13925    0.212956
  13975    0.210184
  14025    0.208351
  14075    0.207498
  14125    0.205819
  14175    0.205156
  14225    0.203302
  14275    0.201612
  14325    0.201671
  14375    0.201023
  14425     0.19855
  14475    0.198759
  14525    0.197447
  14570    0.196843
  14620     0.19399
  14675    0.192316
  14725     0.19092
  14775    0.190409
  14825    0.189987
  14875    0.188986
  14925     0.18958
  14975    0.188476
  15025    0.187008
  15075    0.186333
  15125    0.186879
  15175    0.186684
  15225    0.186161
  15275    0.185642
  15325    0.184806
  15375    0.183701
  15425    0.181776
  15475    0.181686
  15525    0.180283
  15575    0.176835
  15625    0.176951
  15675    0.175929
  15725    0.175706
  15775    0.172783
  15825    0.170481
  15875    0.168319
  15925    0.171451
  15975     0.17088
  16050    0.169265
  16150    0.168213
  16250    0.166656
  16350    0.166181
  16450    0.162072
  16550    0.163769
  16650    0.161954
  16750    0.159205
  16850    0.156455
  16950    0.156797
  17050    0.154952
  17150     0.15215
  17250    0.148397
  17350     0.14274
  17450    0.141293
  17550    0.138851
  17650     0.13523
  17750    0.131483
  17850    0.128046
  17950    0.124405
  18050    0.120684
  18150    0.116432
  18250      0.1157
  18350    0.114655
  18450     0.11239
  18550    0.110202
  18650    0.107063
  18750    0.103411
  18850    0.103888
  18950    0.102447
  19050    0.101868
  19150    0.100599
  19250   0.0991952
  19350   0.0970034
  19450   0.0938645
  19550   0.0938958
  19650   0.0926814
  19750   0.0909391
  19850   0.0896202
  19950   0.0885341
  20050   0.0875956
  20150   0.0865204
  20250   0.0852708
  20350   0.0844354
  20450   0.0838903
  20550   0.0830113
  20650   0.0821774
  20750    0.081468
  20850   0.0806475
  20950   0.0797844
  21050   0.0792251
  21150   0.0782824
  21250     0.07748
  21350   0.0768726
  21450   0.0760137
  21550   0.0747686
  21650   0.0727086
  21750   0.0726633
  21850   0.0721964
  21950   0.0713649
  22050    0.070286
  22150   0.0695192
  22250   0.0684503
  22350   0.0675179
  22450   0.0666577
  22550   0.0657277
  22650   0.0647601
  22750   0.0640117
  22850    0.062402
  22950    0.058472
  23050   0.0586764
  23150     0.05785
  23250   0.0546032
  23350   0.0548313
  23450   0.0534289
  23550   0.0511644
  23650   0.0515252
  23750   0.0502848
  23850   0.0483503
  23950   0.0484136
  24050   0.0474446
  24150   0.0456123
  24250   0.0453085
  24350   0.0442717
  24450    0.042799
  24550   0.0418957
  24650   0.0413137
  24750    0.040086
  24850   0.0384668
  24950   0.0377114
  25050   0.0374984
  25150   0.0364108
  25250   0.0360476
  25350   0.0358107
  25450   0.0353003
  25550   0.0349063
  25650   0.0345469
  25750   0.0345306
  25850   0.0339945
  25950    0.033774
  26050   0.0334383
  26150   0.0327025
  26250   0.0320261
  26350   0.0322699
  26450   0.0321083
  26550   0.0317316
  26650   0.0311813
  26750   0.0308707
  26850   0.0307571
  26950   0.0303731
  27050   0.0301674
  27150   0.0298708
  27250   0.0296129
  27350   0.0291805
  27450   0.0288525
  27550   0.0283403
  27650    0.028119
  27750    0.027905
  27850   0.0277412
  27950   0.0275075
  28050   0.0271865
  28150   0.0268794
  28250   0.0266635
  28350   0.0264167
  28450   0.0261408
  28550    0.025817
  28650   0.0254151
  28750   0.0249086
  28850   0.0248628
  28950   0.0246907
  29050   0.0244586
  29150   0.0241807
  29250   0.0238562
  29350   0.0236638
  29450   0.0233669
  29550   0.0231292
  29650   0.0229116
  29750    0.022645
  29850    0.022392
  29950   0.0221674
  30050   0.0219275
  30150    0.021731
  30250   0.0214323
  30350   0.0210132
  30450   0.0209635
  30550    0.020878
  30650   0.0207269
  30750   0.0205673
  30850   0.0203795
  30950   0.0202421
  31050   0.0200842
  31150    0.019849
  31250   0.0197033
  31350   0.0195246
  31450   0.0193604
  31550    0.019193
  31650   0.0190084
  31750   0.0188447
  31850   0.0186904
  31950   0.0185413
  32100   0.0183067
  32300   0.0180073
  32500   0.0177144
  32700   0.0173592
  32900   0.0169135
  33100   0.0167179
  33300   0.0164935
  33500   0.0162199
  33700    0.015919
  33900   0.0156334
  34100   0.0153449
  34300   0.0150755
  34500   0.0148009
  34700   0.0145242
  34900   0.0142582
  35100   0.0139995
  35300   0.0137265
  35500   0.0134735
  35700   0.0132173
  35900   0.0129729
  36100   0.0127529
  36300   0.0125079
  36500   0.0122611
  36700   0.0120317
  36900   0.0117847
  37100   0.0115631
  37300   0.0113119
  37500   0.0110542
  37700    0.010912
  37900   0.0107114
  38100   0.0105162
  38300   0.0103261
  38500   0.0101424
  38700  0.00993862
  38900  0.00974397
  39100  0.00954226
  39300  0.00938487
  39500  0.00919291
  39700   0.0090243
  39900  0.00883858
  40100   0.0086737
  40300  0.00849935
  40500  0.00829139
  40700  0.00819399
  40900  0.00806022
  41100  0.00792265
  41300   0.0077761
  41500  0.00761859
  41700  0.00745475
  41900  0.00735583
  42100  0.00722557
  42300  0.00710729
  42500  0.00697761
  42700  0.00684953
  42900  0.00664445
  43100   0.0064547
  43300  0.00635722
  43500  0.00617564
  43700  0.00601881
  43900  0.00591911
  44100  0.00577155
  44300  0.00567393
  44500  0.00557015
  44700  0.00545062
  44900  0.00537881
  45100  0.00527357
  45300  0.00516562
  45500  0.00510581
  45700  0.00503201
  45900  0.00491923
  46100  0.00486349
  46300  0.00477617
  46500   0.0046639
  46700  0.00461613
  46900  0.00456848
  47100   0.0044996
  47300  0.00445054
  47500  0.00437615
  47700  0.00431492
  47900  0.00425134
  48100  0.00418081
  48300  0.00413477
  48500  0.00406764
  48700  0.00400015
  48900  0.00394132
  49100   0.0038842
  49300  0.00382747
  49500  0.00376826
  49700  0.00371993
  49900  0.00365822
  50100   0.0036107
  50300  0.00355893
  50500  0.00350057
  50700  0.00345472
  50900  0.00340542
  51100  0.00334683
  51300  0.00328734
  51500  0.00325806
  51700  0.00322701
  51900  0.00317942
  52100  0.00313437
  52300  0.00308771
  52500  0.00305018
  52700  0.00301482
  52900  0.00296249
  53100  0.00291971
  53300  0.00288348
  53500  0.00284425
  53700  0.00280631
  53900   0.0027693
  54100   0.0027315
  54300  0.00269145
  54500  0.00266105
  54700  0.00262362
  54900  0.00259037
  55100  0.00255715
  55300  0.00253291
  55500  0.00249153
  55700  0.00246482
  55900  0.00243045
  56100  0.00240139
  56300  0.00236682
  56500  0.00234081
  56700   0.0023103
  56900  0.00227707
  57100  0.00225327
  57300  0.00222531
  57500  0.00219679
  57700   0.0021684
  57900  0.00214402
  58100   0.0021151
  58300   0.0020892
  58500  0.00206349
  58700  0.00203455
  58900  0.00200515
  59100  0.00197097
  59300  0.00195869
  59500  0.00193705
  59700  0.00191579
  59900  0.00189261
  60100  0.00186945
  60300  0.00184622
  60500  0.00182209
  60700  0.00179996
  60900   0.0017778
  61100  0.00175557
  61300  0.00173577
  61500  0.00171584
  61700  0.00169648
  61900  0.00167613
  62100   0.0016565
  62300  0.00163542
  62500  0.00161485
  62700  0.00159585
  62900  0.00157739
  63100  0.00155866
  63300  0.00154177
  63500  0.00152326
  63700  0.00150651
  63900  0.00148697
  64200  0.00146122
  64600  0.00142816
  65000   0.0013955
  65400  0.00136356
  65800  0.00133298
  66200  0.00130263
  66600  0.00127346
  67000  0.00124512
  67400  0.00121709
  67800  0.00119006
  68200  0.00116378
  68600  0.00113849
  69000  0.00111341
  69400  0.00108919
  69800  0.00106573
  70200  0.00104263
  70600  0.00102049
  71000 0.000998697
  71400 0.000977572
  71800  0.00095679
  72200 0.000936709
  72600 0.000916977
  73000 0.000897962
  73400 0.000879305
  73800 0.000861157
  74200  0.00084231
  74600  0.00082124
  75000 0.000804639
  75400 0.000791887
  75800 0.000776987
  76200 0.000761519
  76600 0.000746341
  77000 0.000731447
  77400 0.000716996
  77800 0.000702937
  78200  0.00068914
  78600 0.000675726
  79000 0.000662604
  79400 0.000649804
  79800 0.000637292
  80200 0.000624937
  80600 0.000612975
  81000 0.000601372
  81400 0.000589959
  81800 0.000578921
  82200 0.000568055
  82600 0.000557469
  83000 0.000547093
  83400  0.00053694
  83800 0.000527043
  84200 0.000517462
  84600 0.000508008
  85000 0.000498767
  85400 0.000489752
  85800 0.000480967
  86200 0.000472369
  86600 0.000463942
  87000 0.000455682
  87400 0.000447654
  87800 0.000439791
  88200 0.000432017
  88600 0.000424468
  89000 0.000417112
  89400 0.000409909
  89800 0.000402802
  90200 0.000395949
  90600 0.000389236
  91000 0.000382483
  91400 0.000376027
  91800 0.000369745
  92200 0.000363569
  92600 0.000357512
  93000 0.000351588
  93400 0.000345728
  93800 0.000340026
  94200 0.000334447
  94600 0.000328963
  95000 0.000323653
  95400 0.000318448
  95800 0.000313354
  96200 0.000308352
  96600 0.000303454
  97000  0.00029864
  97400  0.00029386
  97800 0.000289274
  98200 0.000284797
  98600 0.000280358
  99000 0.000275998
  99400 0.000271711
  99800 0.000267523
 100200 0.000215573
 200000 1.97375e-05
 400000 1.55842e-06
 600000 2.96515e-07
 800000 1.04722e-07
  1e+06  5.0122e-08
1.2e+06 2.88836e-08
1.4e+06 1.87178e-08
1.6e+06 1.33725e-08
